[0][0.0,29524106db1a3c8f770a5d680de60ca9,None,None,0,19.00,1.00]
[1][1.0,f318ff1fcf3eb1ed215384c4e368b251,0,(0, 5, 2),1,18.00,0.50]
[11][2.0,d9b2336a3d965b46f4dadaf9bca4e124,1,(0, 6, 6),2,17.00,0.33]
[20][3.0,7c92300fdd0333cc88be84c279066ae6,11,(1, 5, 1),3,16.00,0.25]
[24][4.0,4a08dbf741230ae7f1a0ae61545f1828,20,(2, 6, 1),4,15.00,0.20]
[27][5.0,f80e923c64136828655d94e3af7671f5,24,(1, 2, 1),5,14.00,0.17]
[31][6.0,db2df264e5a051d61e2d84859d617790,27,(1, 5, 4),6,13.00,0.14]
[35][7.0,89bddd5ca0eb738815b1b9eb7312a42d,31,(1, 6, 2),7,12.00,0.12]
[38][8.0,10ffc20d9ebfcb4e744f5aa1aac0e38e,35,(3, 0, 5),8,11.00,0.11]
[40][9.0,01928c1a86360d1ca33b534f8d6dcf86,38,(3, 6, 1),9,10.00,0.10]
[42][10.0,ddc38198905eb0a3411de4cfcb13baa0,40,(3, 5, 1),10,9.00,0.09]
[45][11.0,b778fa37a5bfd54dc6cf7d26337f015d,42,(0, 3, 7),11,9.00,0.08]
[48][12.0,8e0bbc767cb36479f8cfd916226d4170,45,(1, 0, 1),12,8.00,0.08]
[55][13.0,bf0f9d48560d98643515b196cbde8554,48,(1, 5, 1),13,8.00,0.07]
[59][14.0,0c74460dcbdb230d0b8af010626cffa6,55,(0, 1, 1),14,8.00,0.07]
[67][15.0,990b831707a557f2b8ddfe3613fb2ea1,59,(2, 0, 2),15,7.00,0.06]
[73][16.0,2b41bf1aea629212aad5bbb005b039d1,67,(1, 2, 1),16,7.00,0.06]
[76][17.0,755da0b8d638047066037c8a9a1e63db,73,(0, 1, 2),17,7.00,0.06]
[84][18.0,5d380a22cc7add28b3246806304e9cfe,76,(2, 0, 7),18,6.00,0.05]
[90][19.0,b0c5e0e948e4d0840d59b01a49a771c9,84,(1, 2, 2),19,6.00,0.05]
[93][20.0,67fea3c1aa3114f774e759c5dd82441c,90,(0, 1, 7),20,6.00,0.05]
[101][21.0,8966881b4e6c6ed04db7a1ab3ad3aefa,93,(2, 0, 3),21,5.00,0.05]
[107][22.0,1f88707df72ac5ec7a0a4f96e1240011,101,(3, 2, 8),22,4.00,0.04]
[109][23.0,2cabed756715955da642f3c9cfa9cbac,107,(1, 3, 7),23,4.00,0.04]
[112][24.0,88a3466f836a0b3e23f3af87592eb9f7,109,(0, 1, 3),24,4.00,0.04]
[120][25.0,fe88cb294610b8856a7c910c0503bf7a,112,(2, 0, 9),25,4.00,0.04]
[127][26.0,d51398fb4d51b6821d964be72f034436,120,(1, 2, 3),26,4.00,0.04]
[133][27.0,8c5b234b09bfaa1da2ebebc7d3d5d462,127,(0, 1, 9),27,4.00,0.04]
[141][28.0,542e56dd14652a6683aae379fc094516,133,(2, 0, 3),28,4.00,0.03]
[149][29.0,d91bcdb9391c19eff864c01b20e675ae,141,(3, 2, 9),29,4.00,0.03]
[154][30.0,631d94afc79cd69aa4e33c20a0ad580b,149,(0, 3, 3),30,4.00,0.03]
[161][31.0,4e6989e7eef1443a67eb6848a984a6a3,154,(1, 0, 9),31,4.00,0.03]
[169][32.0,d8dfd08fa418e1bad7134ed12a76af67,161,(2, 1, 9),32,4.00,0.03]
[175][33.0,6d2e5342fc9081262b2f0101af40a956,169,(0, 2, 9),33,4.00,0.03]
[182][34.0,32f43e3eb655132280fda74815a9d9d8,175,(1, 0, 9),34,4.00,0.03]
[190][35.0,7322cfd0e8d78eb05b02edf440602a79,182,(2, 1, 9),35,4.00,0.03]
[198][36.0,ea0a13a92a7397e5d713cb15fae11b4f,190,(3, 2, 3),36,4.00,0.03]
[204][37.0,be6435f43612ae7a1ac98cf368fecad0,198,(1, 3, 9),37,4.00,0.03]
[210][38.0,218d972fa46fb028f710b50b3242b907,204,(0, 1, 9),38,4.00,0.03]
[218][39.0,9d7b0146d4e1c99a61a95ce5d8d2e7f3,210,(2, 0, 3),39,4.00,0.03]
[225][40.0,e787b38653136bc3f7d819535db80d2f,218,(1, 2, 9),40,4.00,0.02]
[231][41.0,c8b8c00ccfdf74e8a65133beccc7e491,225,(0, 1, 3),41,4.00,0.02]
[239][42.0,57ba0486fc8a29ef15653265ad59d841,231,(2, 0, 9),42,4.00,0.02]
[247][43.0,7592b32bd156138673021b7591e362eb,239,(3, 2, 9),43,4.00,0.02]
[255][44.0,8d0bf0e957c06b5b5406fc4c24646211,247,(4, 3, 1),44,3.00,0.02]
[259][45.0,413cb3be1a285ffae9863294067eb727,255,(3, 5, 1),45,3.00,0.02]
[262][46.0,e8ee1960ab7fedc926fc20dff5c0b9a9,259,(0, 3, 9),46,3.00,0.02]
[269][47.0,2e3b850e88247fc661c3cafb152709f7,262,(1, 0, 3),47,3.00,0.02]
[277][48.0,b0f9dbfe66bc799b7402b9266d02d5e2,269,(2, 1, 9),48,3.00,0.02]
[283][49.0,9e098f0fe034d0e671ae9f17a26dcc94,277,(0, 2, 3),49,3.00,0.02]
[290][50.0,eed7486ac7b14cd1c081665b3acc7f11,283,(1, 0, 9),50,3.00,0.02]
[298][51.0,8a4159d058f5a0d871c1333e9dcc7c29,290,(2, 1, 3),51,3.00,0.02]
[306][52.0,eb62c3e7d8ca07dceaa40dd539c71239,298,(3, 2, 9),52,3.00,0.02]
[311][53.0,748474d32e11c70b156c7171299bb437,306,(0, 3, 9),53,3.00,0.02]
[318][54.0,76ab17cc24995b2d9bb9f00be4bdd7ba,311,(1, 0, 3),54,3.00,0.02]
[326][55.0,782aac91ac1cd883abe034e8ee6ceb19,318,(2, 1, 9),55,3.00,0.02]
[332][56.0,a09d4b7f943002892f261e3d443c85bd,326,(0, 2, 3),56,3.00,0.02]
[339][57.0,8e9115bc74bf94811e1b62eb2ea0f0ce,332,(1, 0, 9),57,3.00,0.02]
[347][58.0,da94dfe8e831502f192eeda2ba05433c,339,(2, 1, 3),58,3.00,0.02]
[356][59.0,f6d03359f437a7f947befe3617fc62ab,347,(4, 0, 1),59,2.00,0.02]
[360][60.0,ce4d85f121efd50d4b1690138b91c68a,356,(0, 2, 10),60,2.00,0.02]
[367][61.0,9d123309d12e684266ba2c67e66325ad,360,(1, 0, 3),61,2.00,0.02]
[375][62.0,93f344d3994c414b05b1c9af11bcd396,367,(2, 1, 10),62,2.00,0.02]
[381][63.0,9d2709ea45ee26b596ce448d44916577,375,(0, 2, 3),63,2.00,0.02]
[388][64.0,f92d87d0e8c894a2b5161c07c2779d57,381,(1, 0, 10),64,2.00,0.02]
[397][65.0,7df9d9832778e366757487126d1d80db,388,(3, 1, 9),65,2.00,0.02]
[402][66.0,62e87551bee5650d3dff8607b7251280,397,(0, 3, 10),66,2.00,0.01]
[409][67.0,8d993c9f788936948d360b7f2986dafc,402,(1, 0, 9),67,2.00,0.01]
[417][68.0,9d214e139b0fc76c46578f6865844cc9,409,(2, 1, 3),68,2.00,0.01]
[423][69.0,eed787fce2e0d9eef8a46acaf74c743d,417,(0, 2, 9),69,2.00,0.01]
[430][70.0,b6c1dda120c07def3a3ae60eecdd764f,423,(1, 0, 3),70,2.00,0.01]
[438][71.0,def5b76243359261573f92914636b059,430,(2, 1, 9),71,2.00,0.01]
[446][72.0,0ba5cdc0fb9af8775ebf4b5789b27d06,438,(3, 2, 10),72,2.00,0.01]
[451][73.0,5823c6edb19faa72511d17497db36907,446,(0, 3, 3),73,2.00,0.01]
[458][74.0,fc6a3d332eb85823d9442567646fe0c0,451,(1, 0, 9),74,2.00,0.01]
[466][75.0,3fcb6f9eda35407726ee91e5e8d9f4e7,458,(2, 1, 10),75,2.00,0.01]
[472][76.0,5dd234e732f666bda958016601e44da8,466,(0, 2, 9),76,2.00,0.01]
[479][77.0,641de4b8913578f43a9dd2be182c46c5,472,(1, 0, 10),77,2.00,0.01]
[487][78.0,6ada3a1e0a68aa76f5ea9aef1470ff6c,479,(2, 1, 9),78,2.00,0.01]
[496][79.0,61fdcd61bf152e47bf33ceb2a3b02db1,487,(4, 2, 1),79,1.00,0.01]
[500][80.0,7e6fd969d9d4af61b5eb5c18f073de90,496,(2, 3, 1),80,1.00,0.01]
[503][81.0,0abbfac5142f97ea5820a52b994ec1b5,500,(0, 2, 10),81,1.00,0.01]
[510][82.0,d6eb1f44354befc53209925bed9ada9c,503,(1, 0, 9),82,1.00,0.01]
[518][83.0,ca2ff4f62227f18cfc39735da743d1ae,510,(2, 1, 10),83,1.00,0.01]
[524][84.0,896a947158a04d1ca33dbd5f56adb472,518,(0, 2, 9),84,1.00,0.01]
[531][85.0,33ac1ee7bfbcb2d258a9f83f182c9fa5,524,(1, 0, 10),85,1.00,0.01]
[540][86.0,6b2eb08c2aac4b54f9062ad7bf90da5e,531,(3, 1, 4),86,1.00,0.01]
[545][87.0,c04b0fd9ddd5f81d65f28683f40aa394,540,(0, 3, 10),87,1.00,0.01]
[552][88.0,6881a71d8f9a6f7adeaea211ef36f8f4,545,(1, 0, 4),88,1.00,0.01]
[560][89.0,342bd64a912d9b8f8e93967f7286ec31,552,(2, 1, 9),89,1.00,0.01]
[566][90.0,36a2869f771b2f1f6bbaa5ccb92d8b15,560,(0, 2, 4),90,1.00,0.01]
[573][91.0,dbb75b864bc1b649a3ab612ffab08868,566,(1, 0, 9),91,1.00,0.01]
[581][92.0,a9c15e159cf93ea51f4929689af2b3c5,573,(2, 1, 4),92,1.00,0.01]
[589][93.0,a7e904370dcf667cd1db712bc2750143,581,(3, 2, 10),93,1.00,0.01]
[594][94.0,20705dd17d2642d617cfdd29e37a9f4f,589,(0, 3, 9),94,1.00,0.01]
[601][95.0,c0cee7dda6ed6c74fe081c7d26e62364,594,(1, 0, 4),95,1.00,0.01]
[609][96.0,9e55525d779432845f1967c51f7eaa86,601,(2, 1, 10),96,1.00,0.01]
[615][97.0,416f2236678ebc5c0e0f3146b1f46d06,609,(0, 2, 4),97,1.00,0.01]
[622][98.0,df0af68ca7e30676f0aa1c86a76a360e,615,(1, 0, 10),98,1.00,0.01]
[630][99.0,47788eb9c8ceb90a7e1a266aa968fd2e,622,(2, 1, 4),99,1.00,0.01]
[639][100.0,778929e21037c54d6026570f3d99c710,630,(4, 2, 1),100,0.00,0.01]
[643][101.0,15594e047b0d202c5fbf6cc513c31785,639,(1, 4, 4),101,0.00,0.01]
[647][102.0,dec665bf598d7b178ca8d1208725c715,643,(0, 1, 10),102,0.00,0.01]
[656][103.0,8b5ba2bde087c12bd9d9683b46760222,647,(2, 0, 1),103,0.00,0.01]
[664][104.0,76bf7242a6aa1004df1dcd4257813971,656,(0, 3, 1),104,0.00,0.01]
