[0][0.0,29524106db1a3c8f770a5d680de60ca9,None,None,0,19.00,0.00]
[1][1.0,f318ff1fcf3eb1ed215384c4e368b251,0,(0, 5, 2),1,18.00,1.00]
[11][2.0,d9b2336a3d965b46f4dadaf9bca4e124,1,(0, 6, 6),2,17.00,2.00]
[87][3.0,7c92300fdd0333cc88be84c279066ae6,11,(1, 5, 1),3,16.00,3.00]
[263][4.0,4a08dbf741230ae7f1a0ae61545f1828,87,(2, 6, 1),4,15.00,4.00]
[554][5.0,f80e923c64136828655d94e3af7671f5,263,(1, 2, 1),5,14.00,5.00]
[1078][6.0,db2df264e5a051d61e2d84859d617790,554,(1, 5, 4),6,13.00,6.00]
[1971][7.0,89bddd5ca0eb738815b1b9eb7312a42d,1078,(1, 6, 2),7,12.00,7.00]
[3152][8.0,10ffc20d9ebfcb4e744f5aa1aac0e38e,1971,(3, 0, 5),8,11.00,8.00]
[4750][9.0,01928c1a86360d1ca33b534f8d6dcf86,3152,(3, 6, 1),9,10.00,9.00]
[6802][10.0,ddc38198905eb0a3411de4cfcb13baa0,4750,(3, 5, 1),10,9.00,10.00]
[9295][11.0,01348949922bc7559978b5336181efce,6802,(3, 0, 1),11,8.00,11.00]
[12351][12.0,84556bb2a6cced1119b48d8d1afe4af6,9295,(1, 3, 1),12,7.00,12.00]
[16268][13.0,b5b8da34a93a593f0b063626027d8475,12351,(1, 5, 1),13,7.00,13.00]
[21226][14.0,6e2adc1375fed4c1ba2192eb4e7c68d8,16268,(4, 5, 1),14,6.00,14.00]
[28683][15.0,ede560bbfb95efddeb4a3f175659f7dc,21226,(4, 3, 1),15,5.00,15.00]
[40716][16.0,f04972fc9ecbc03e047a83f050beacf9,28683,(2, 4, 2),16,4.00,16.00]
[58507][17.0,f48888d5991e1caa88942af7d131a6d2,40716,(2, 3, 6),17,3.00,17.00]
[83298][18.0,cff602c8f7a37a4f9bab91d55b91d77b,58507,(4, 2, 3),18,2.00,18.00]
[118002][19.0,aecfb780a4a1eb5040a9c19ad4870e62,83298,(4, 0, 1),19,1.00,19.00]
[168536][20.0,5b8b541521c6c4e95c9e5fd4282e6b5a,118002,(2, 4, 4),20,0.00,20.00]
[243692][21.0,f3b68ff6f7b2d2c8ee6c25e7ad73e401,168536,(0, 2, 9),21,0.00,21.00]
