[0][0.0,abc50f7e0de088340e52029df12892ee,None,None,0,8.00,0.00]
[5][1.0,211c8d39bee01fa355e0d4d90c6433a8,0,(2, 5, 9),1,7.00,1.00]
[42][2.0,fdffeca9a0ddf02bb689460e8bb73144,5,(3, 2, 4),2,6.00,2.00]
[178][3.0,4b8895be2b6538cffd60001a998eee1f,42,(4, 3, 4),3,5.00,3.00]
[509][4.0,6eb880dc5b8ef006a197350d2384604d,178,(4, 2, 3),4,4.00,4.00]
[1304][5.0,7f12fbe112d6bf2ff583adbafc42f368,509,(4, 5, 1),5,3.00,5.00]
[2998][6.0,9267d2fb2c6188947aea8668431e8c7b,1304,(1, 4, 7),6,2.00,6.00]
[6179][7.0,4d238e3b922b560a8e552e624e807059,2998,(0, 1, 7),7,1.00,7.00]
[11950][8.0,febd1038979da415a4802bbb1d3b916b,6179,(0, 2, 2),8,0.00,8.00]
[22326][9.0,02c40d2455db73ef58d7056f7f224abc,11950,(0, 4, 1),9,0.00,9.00]
