[0][0.0,abc50f7e0de088340e52029df12892ee,None,None,0,8.00,1.00]
[1][1.0,0dcb7d0c1f46e9423f126a11f42fb6ea,0,(0, 5, 7),1,7.00,0.50]
[11][2.0,32b9c98df449358dd86295202d0b96fc,1,(0, 6, 2),2,6.00,0.33]
[18][3.0,ef75ba2e46f82aa58757f74052ac03be,11,(1, 0, 7),3,5.00,0.25]
[20][4.0,945c3f1e5dbdb9f494101ff542b0bb48,18,(1, 5, 3),4,5.00,0.20]
[23][5.0,9520dc39ddd6dffe09e389c4d28723b3,20,(0, 1, 8),5,5.00,0.17]
[31][6.0,13058e3cf67af7a50ffc9c3f02cd09c9,23,(2, 0, 9),6,4.00,0.14]
[37][7.0,2fbf8229899b3dee04de4bcdae160998,31,(2, 6, 1),7,4.00,0.12]
[41][8.0,b6fdf2086b892b42f68a05043c4acb49,37,(0, 2, 9),8,4.00,0.11]
[48][9.0,0bde9b3755ee638dd345b6011593ae76,41,(1, 0, 8),9,4.00,0.10]
[56][10.0,1e800b31992acf6f9da2b19fcd26b10c,48,(2, 1, 9),10,4.00,0.09]
[62][11.0,73aab01bfee8052a919b8b5fb158f7d1,56,(0, 2, 8),11,4.00,0.08]
[69][12.0,c2aec507a2eb21850d8003d54ca34e8a,62,(1, 0, 9),12,4.00,0.08]
[78][13.0,ed6cf4a85906c57600a0e387867233c3,69,(3, 1, 4),13,3.00,0.07]
[83][14.0,a34cc9246bc0cea002599993e1e785e3,78,(1, 6, 4),14,3.00,0.07]
[86][15.0,c2c32d3fa1a7e0a05d12ac352ee8dea9,83,(0, 1, 9),15,3.00,0.06]
[94][16.0,ee722c06082cbd0781eeff3e1f503506,86,(2, 0, 8),16,3.00,0.06]
[101][17.0,6efcaf088fa0d5676535f174711e0eb6,94,(1, 2, 9),17,3.00,0.06]
[107][18.0,4b844c8ca6c94f01cf02bd88bc4bdb47,101,(0, 1, 8),18,3.00,0.05]
[115][19.0,01f0eae38f5eb754511782f3b0c629fa,107,(2, 0, 9),19,3.00,0.05]
[123][20.0,f4803bfb644cb765d8c7f89d9bd71c95,115,(3, 2, 6),20,3.00,0.05]
[128][21.0,3b2e61b92ada8c52354314dbe8d9537c,123,(0, 3, 9),21,3.00,0.05]
[135][22.0,541cf092c6936b8d12e0e26db3b0155e,128,(1, 0, 8),22,3.00,0.04]
[143][23.0,3d02517512653fa0ec47c63250b3b5f7,135,(2, 1, 6),23,3.00,0.04]
[149][24.0,ba33ac18441ac192b9a4c7f30ce88307,143,(0, 2, 8),24,3.00,0.04]
[156][25.0,3092e4d4717168aa149bd9687fdadd49,149,(1, 0, 6),25,3.00,0.04]
[164][26.0,a5e45fc19b5d2da06a7e9d4599b85ea5,156,(2, 1, 8),26,3.00,0.04]
[172][27.0,5bcdcb3b0a0ca71a1ee27b609da558ce,164,(3, 2, 9),27,3.00,0.04]
[178][28.0,c35b486c2afeed3932d32b1afbd76681,172,(1, 3, 8),28,3.00,0.03]
[184][29.0,1c1f99ad24a052dfa6851b19f91964ab,178,(0, 1, 6),29,3.00,0.03]
[192][30.0,2fb1986deacf8a2952d504eb01f802ea,184,(2, 0, 9),30,3.00,0.03]
[199][31.0,64598db32e1164da059865a59d07f030,192,(1, 2, 6),31,3.00,0.03]
[205][32.0,d458cb25d5829b82e8fabda54924bd6e,199,(0, 1, 9),32,3.00,0.03]
[213][33.0,9d7e6531579f6335349c70a4d00ff148,205,(2, 0, 6),33,3.00,0.03]
[221][34.0,7c0d8b5926f866c7e6ca210ac8a8ddf9,213,(3, 2, 8),34,3.00,0.03]
[229][35.0,263a15f839afc58efa0042a026f005b6,221,(4, 0, 4),35,2.00,0.03]
[233][36.0,14f07029c226ba110ace5797c2eded6b,229,(0, 3, 10),36,2.00,0.03]
[240][37.0,deaf63b07f2c022d8456ca7323cbba93,233,(1, 0, 9),37,2.00,0.03]
[248][38.0,e31fc5f2854301487445f345ca7a35da,240,(2, 1, 8),38,2.00,0.03]
[254][39.0,6f2147feb06d36d0f061a78cabfe7fce,248,(0, 2, 9),39,2.00,0.03]
[261][40.0,8326927a221f22b9e370a2e76748ebc1,254,(1, 0, 8),40,2.00,0.02]
[269][41.0,fc02a2ec61a2e10df79c5a7559283095,261,(2, 1, 9),41,2.00,0.02]
[277][42.0,9f804c83a767bdc25ca4b707dfabee30,269,(3, 2, 10),42,2.00,0.02]
[282][43.0,5fa3d60e8d6bba783125456d3e4d0f24,277,(0, 3, 8),43,2.00,0.02]
[289][44.0,3c8cb0eb33ead817ce8f78b080d6ad96,282,(1, 0, 9),44,2.00,0.02]
[297][45.0,3a981440021e36aa685a3a8f501d5b59,289,(2, 1, 10),45,2.00,0.02]
[303][46.0,9032635cd2bdb4c2d4040cfdc4593154,297,(0, 2, 9),46,2.00,0.02]
[310][47.0,1afd284e016342fbf7412a1e7fd653fe,303,(1, 0, 10),47,2.00,0.02]
[318][48.0,4be9a2db5d8b6bee6af2b9749e7bc7b3,310,(2, 1, 9),48,2.00,0.02]
[327][49.0,489fffce7ced3c5d6e643c524ebd8a72,318,(4, 2, 3),49,1.00,0.02]
[331][50.0,9b44d3bacbbedc28ddf413c441fe2153,327,(2, 6, 3),50,1.00,0.02]
[334][51.0,17577300a345114434c39c03d2dcd161,331,(0, 2, 10),51,1.00,0.02]
[341][52.0,e4de035f0c976c2cc980806bf4e89cdc,334,(1, 0, 9),52,1.00,0.02]
[349][53.0,8d5f3fd6259773b9285c05b53fdf6fde,341,(2, 1, 10),53,1.00,0.02]
[355][54.0,cb56a88dd208aa6c3cdd47754fbc2ab5,349,(0, 2, 9),54,1.00,0.02]
[362][55.0,034b8c03f431fd0828cb0b4f6c0de232,355,(1, 0, 10),55,1.00,0.02]
[371][56.0,d8e545ef6efbda81c0f2c084d7de9df3,362,(3, 1, 8),56,1.00,0.02]
[376][57.0,10c741818b0b99e6ea15ac6bdacdd7fd,371,(0, 3, 10),57,1.00,0.02]
[383][58.0,7a212f487a76347423a730c2750153b0,376,(1, 0, 8),58,1.00,0.02]
[391][59.0,dc547cec74173393f3917bb83e332d5f,383,(2, 1, 9),59,1.00,0.02]
[397][60.0,0e1cffe90e36c6c6da3b188d7e05b71f,391,(0, 2, 8),60,1.00,0.02]
[404][61.0,f1ecc7da4a792d4d88aee319449a72e4,397,(1, 0, 9),61,1.00,0.02]
[412][62.0,30836e77864f186ed7d2458d96cf32d8,404,(2, 1, 8),62,1.00,0.02]
[420][63.0,2889ab63c1ba083a7d766fc4216f74b1,412,(3, 2, 10),63,1.00,0.02]
[425][64.0,b947e3a17645807f53a7720c7127bf8a,420,(0, 3, 9),64,1.00,0.02]
[432][65.0,9e46f6da9e7401c84dbba0d9dfee98f1,425,(1, 0, 8),65,1.00,0.02]
[440][66.0,c35cc1d7e606f56dd54880ed422cbba9,432,(2, 1, 10),66,1.00,0.01]
[446][67.0,8da7dccdd100b0e65127f216f0e9f5cc,440,(0, 2, 8),67,1.00,0.01]
[453][68.0,676d13801ca48acbc8de4120a34d4b16,446,(1, 0, 10),68,1.00,0.01]
[461][69.0,51685887aacbd6d770bdf6c385000f2f,453,(2, 1, 8),69,1.00,0.01]
[470][70.0,a49eda65c929afbccacc62bc1614d090,461,(4, 2, 1),70,0.00,0.01]
[474][71.0,cf191e4fa1606959fb85e4c6ecdfa787,470,(1, 4, 8),71,0.00,0.01]
[478][72.0,6b62ae6844d43867efd9600e4333897b,474,(0, 1, 10),72,0.00,0.01]
[487][73.0,fcd204e2f21db343bf63d43277cbd4f7,478,(2, 0, 1),73,0.00,0.01]
[495][74.0,81ddb54b9ba405362329420aa211a198,487,(0, 3, 1),74,0.00,0.01]
