[0][0.0,a78aed42316ca111fd7875eb2fb1d344,None,None,0,21.00,1.00]
[1][1.0,60fb9e9a4c008f0b4c8e78e51c90a514,0,(0, 5, 3),1,20.00,0.50]
[11][2.0,23bf8490e2e9fb83c486d0a8cfb9057b,1,(0, 6, 2),2,19.00,0.33]
[19][3.0,1a01afc0877e832d74c22cc36fbe9381,11,(0, 5, 2),3,18.00,0.25]
[26][4.0,014b6932ef33afb0b2b0ddddaef637d0,19,(1, 5, 1),4,17.00,0.20]
[29][5.0,16f93a991eb6d5244946702bd02fe7a5,26,(2, 5, 1),5,16.00,0.17]
[31][6.0,595e2f77f8d0c1c4836960b8ab402c01,29,(3, 6, 5),6,15.00,0.14]
[32][7.0,d3fe71e006f0b1d105fe4de665227eb9,31,(4, 3, 1),7,14.00,0.12]
[33][8.0,3ab477974f6e5675ab2bda978c9044e3,32,(4, 1, 1),8,13.00,0.11]
[35][9.0,1b75fd2cb6af017c1695e4b40b55f0bf,33,(4, 3, 2),9,12.00,0.10]
[36][10.0,4911ff83e57c6a4ff280237b2e7f96ed,35,(0, 4, 1),10,11.00,0.09]
[38][11.0,dcc40c550923b7535875e10714e17e4a,36,(0, 2, 1),11,10.00,0.08]
[41][12.0,0d3fb3174437e175ee7c39464ce65a3d,38,(0, 3, 1),12,10.00,0.08]
[43][13.0,c9de4f9ba60051d5b71c811cf228564c,41,(1, 0, 3),13,9.00,0.07]
[49][14.0,721e2a402c10c8e9ccf0dec814898ed0,43,(2, 0, 3),14,8.00,0.07]
[51][15.0,cd21b9454ff9da22f6079cc1a0ee634b,49,(2, 5, 3),15,7.00,0.06]
[53][16.0,6338f18e1d2c0564e31dd9893f796e04,51,(4, 1, 2),16,6.00,0.06]
[54][17.0,0932468e69535a1d6515dc90bb8e5543,53,(4, 0, 2),17,5.00,0.06]
[55][18.0,9ec84367270d02dada1102addeb2894a,54,(1, 4, 6),18,4.00,0.05]
[56][19.0,87ce930d172c0a028f1f8bb94e065e18,55,(1, 6, 3),19,4.00,0.05]
[58][20.0,dae15a19d433bfe46ba3080b3ade3e1c,56,(0, 1, 8),20,4.00,0.05]
[65][21.0,54d3675158f2a6a5205b843d7bd24db1,58,(2, 0, 2),21,3.00,0.05]
[70][22.0,f3138e52be6908b46c1e21cbb85a57f0,65,(1, 2, 8),22,3.00,0.04]
[73][23.0,a501fc817757f4eafdb63effa9335c49,70,(0, 1, 2),23,3.00,0.04]
[81][24.0,e0f91d20891ce81ea577c8dd888d4d5a,73,(2, 0, 9),24,2.00,0.04]
[87][25.0,ee438d905d0909f194f67b6802865281,81,(1, 2, 2),25,2.00,0.04]
[92][26.0,379315aa3d8c0934636629450c7d5f6b,87,(0, 1, 9),26,2.00,0.04]
[100][27.0,55407681cddf2772a766755e3a1febab,92,(2, 0, 3),27,2.00,0.04]
[107][28.0,7ea8fd6c28983325dbe3d0740a14786a,100,(1, 2, 9),28,2.00,0.03]
[113][29.0,b0323fab936cb956daf36e5ddcc2c56f,107,(0, 1, 3),29,2.00,0.03]
[121][30.0,dac9265c7bb187d89a475190bac0cd72,113,(2, 0, 9),30,2.00,0.03]
[129][31.0,c21c17777594ce42c14eb0d236c5591b,121,(3, 1, 7),31,1.00,0.03]
[134][32.0,eaf348ee9b3950e5240101d3cbeeae95,129,(0, 2, 9),32,1.00,0.03]
[141][33.0,d102ddc66102cd7474b6dde1014c266e,134,(1, 0, 10),33,1.00,0.03]
[149][34.0,7283c73cca7a07b8be24d2ed101b16ac,141,(2, 1, 9),34,1.00,0.03]
[155][35.0,c8950dce6e495efe1244a0ff161dfc9d,149,(0, 2, 10),35,1.00,0.03]
[162][36.0,e9c9c593bc01dc93863154054b439bb7,155,(1, 0, 9),36,1.00,0.03]
[171][37.0,2e039e42e3327e12c0f7240306d825ef,162,(3, 0, 1),37,0.00,0.03]
[176][38.0,77cd6c8b5d0b62af7e7291a4e682f5c5,171,(0, 1, 10),38,0.00,0.03]
[185][39.0,f2241450b7832504aa8fcc11558cb2c8,176,(2, 0, 10),39,0.00,0.03]
[193][40.0,badef02fe20234a6c08023e8b90e6207,185,(1, 2, 10),40,0.00,0.02]
[200][41.0,604e96924301aad9bbe7d6fdf3cf78c7,193,(0, 1, 10),41,0.00,0.02]
[209][42.0,e93b8b4352139a0f17223dbca13b18e7,200,(2, 0, 10),42,0.00,0.02]
[218][43.0,a8d4a1717786b3a55e909d859d8e62c3,209,(3, 2, 1),43,0.00,0.02]
[224][44.0,62bbddbb6bd60132c4b0328f04294073,218,(0, 3, 10),44,0.00,0.02]
[232][45.0,c75d4a4eef5069356eeda428f43ded6b,224,(1, 0, 10),45,0.00,0.02]
[241][46.0,bce6c2bedcf3d7c5878b44bc8ce3c455,232,(2, 1, 1),46,0.00,0.02]
[248][47.0,85b5ea0f534ad61714965ae2f8d8123a,241,(0, 2, 10),47,0.00,0.02]
[256][48.0,1fbca9a9768b4fd830fe2212a551d5a4,248,(1, 0, 1),48,0.00,0.02]
[265][49.0,3b73d7ef72b145e8f98a0a9b5b8a6ead,256,(0, 4, 1),49,0.00,0.02]
