[0][0.0,a78aed42316ca111fd7875eb2fb1d344,None,None,0,21.00,0.00]
[1][1.0,60fb9e9a4c008f0b4c8e78e51c90a514,0,(0, 5, 3),1,20.00,1.00]
[12][2.0,830bc9e745710b955d3e994e43596978,1,(1, 5, 1),2,19.00,2.00]
[93][3.0,e7e6747f79ee926f4e6dcc8a7767fc08,12,(1, 6, 2),3,18.00,3.00]
[274][4.0,f75db8b67cfd85699f2e8f19d494a055,93,(2, 5, 1),4,17.00,4.00]
[554][5.0,01b491e3ff2fed890f17f75e1eff250c,274,(2, 6, 2),5,16.00,5.00]
[950][6.0,1dfa7dc80400443ce02ecbe325d08ab2,554,(2, 5, 3),6,15.00,6.00]
[1445][7.0,4b34c9a01be69e52c2509e5efcfd885e,950,(4, 2, 1),7,14.00,7.00]
[2007][8.0,dcc58748d19580e405656915628ad883,1445,(4, 6, 1),8,13.00,8.00]
[2624][9.0,d69858eeba4b2f966480ff29e6412792,2007,(4, 2, 2),9,12.00,9.00]
[3118][10.0,a099bb9bcfb549cbbcfda0a471f57c7a,2624,(1, 4, 4),10,11.00,10.00]
[3416][11.0,a7ca93c23958e83eda8d8717115ecffc,3118,(0, 1, 2),11,10.00,11.00]
[3708][12.0,6b60dce2d66e26a7f23b3f16a2af83e4,3416,(0, 5, 2),12,9.00,12.00]
[4219][13.0,7ea27adc9b50e334c93e8e323670ab04,3708,(3, 1, 5),13,8.00,13.00]
[5242][14.0,279aeb32a81d8627111b05130708d212,4219,(2, 3, 5),14,7.00,14.00]
[7205][15.0,d84b787e89940ccf622dd914251ae43e,5242,(2, 6, 1),15,6.00,15.00]
[10697][16.0,0955bcd87b1298f6fdfb4747f9357d44,7205,(3, 2, 8),16,5.00,16.00]
[16860][17.0,efbc61ad69d1afbb510363b0db7c10bb,10697,(3, 6, 1),17,4.00,17.00]
[27550][18.0,e5a129a9b993a82808f590f69e524629,16860,(0, 3, 1),18,3.00,18.00]
[45757][19.0,a95e888dd6caa7b848477f2531920765,27550,(0, 6, 1),19,2.00,19.00]
[76851][20.0,73357f99ac68f23557e8ba19bbb4da9c,45757,(0, 2, 1),20,2.00,20.00]
[128053][21.0,d6409be9c0575909052993afec89312b,76851,(4, 3, 5),21,1.00,21.00]
[208744][22.0,6a70090cc5daab47c9799fc11a5e7f86,128053,(4, 6, 2),22,0.00,22.00]
[328438][23.0,48a23e9604ee7839cbfd920d0f70afd2,208744,(3, 4, 7),23,0.00,23.00]
