[0][0.0,bbea9f06f2e1fceeef08acb11c69c9d3,None,None,0,8.00,0.00]
[3][1.0,d12e1953ecddffc4b551baa9c94534c5,0,(1, 4, 2),1,7.00,1.00]
[19][2.0,0eb4653cd1b9568d0ad2a8a71eae4978,3,(0, 1, 1),2,6.00,2.00]
[65][3.0,9cff980b368748f3252d5b524f9c40e6,19,(0, 4, 2),3,5.00,3.00]
[142][4.0,e2081ef5b340424aadb4677e15b49082,65,(3, 0, 2),4,4.00,4.00]
[316][5.0,4b5d7baac58a63b6f4c910a6c708b497,142,(2, 3, 1),5,3.00,5.00]
[626][6.0,6c070a2220eb2efb950cc54a492c8436,316,(2, 0, 1),6,2.00,6.00]
[1065][7.0,97242c5fa45692d03ed505d0fb684680,626,(3, 2, 2),7,1.00,7.00]
[1797][8.0,639561cd210d58eaed3279c2b7070a1b,1065,(1, 3, 3),8,0.00,8.00]
[3178][9.0,44799828b9543069bf69b0ea1ccee3bb,1797,(1, 4, 1),9,0.00,9.00]
