[0][0.0,43ca57620d0340cb42b2a3d10b24f2a8,None,None,0,10.00,1.00]
[1][1.0,0fa57a54fbeef65f7dc61d8e9900cefd,0,(0, 5, 3),1,9.00,0.50]
[11][2.0,5a6c664a85c2d9cb7d72c473ddce7e5f,1,(0, 6, 1),2,8.00,0.33]
[18][3.0,90dfa6f1888f27ccedd51337cea37ce0,11,(1, 6, 3),3,7.00,0.25]
[20][4.0,23ea636c96dedcc70637e150c9d4065f,18,(0, 1, 1),4,7.00,0.20]
[24][5.0,4c78a1f09e2693fde7a6deb3ddbab0ab,20,(1, 0, 2),5,6.00,0.17]
[31][6.0,f853ae14d6ace5a4c72de2350228bdd9,24,(1, 6, 1),6,6.00,0.14]
[34][7.0,2a2b5c0424edf318fb878dec7c5cd0d3,31,(0, 1, 2),7,6.00,0.12]
[42][8.0,8b1c128deb9b4cc236420fe9e857190a,34,(2, 0, 3),8,5.00,0.11]
[48][9.0,9516d87d065ec6a00bf960840bab0118,42,(2, 5, 1),9,4.00,0.10]
[51][10.0,1977c050537c2d35d3fafc67b27b1998,48,(3, 1, 2),10,3.00,0.09]
[53][11.0,0d18a7f399fa97ef44b1f4399dafee4d,51,(2, 3, 1),11,3.00,0.08]
[57][12.0,8a6826166422bf39c3cc8c2814aeb17f,53,(0, 2, 3),12,3.00,0.08]
[63][13.0,d3c354aca040a3121752874bec0a62e3,57,(1, 0, 4),13,3.00,0.07]
[70][14.0,b8fbacc2c8318e85bd08598a61181770,63,(2, 1, 3),14,3.00,0.07]
[75][15.0,14c9c8a8d0b7d83a9d4858a5ae5b83d3,70,(0, 2, 4),15,3.00,0.06]
[81][16.0,b22e82402eb370bb267a7696b3197b81,75,(1, 0, 3),16,3.00,0.06]
[89][17.0,0cebac96e007e4c4093b3086b11e3af3,81,(3, 1, 3),17,2.00,0.06]
[93][18.0,5ca432f9f1b69e90057d7112c87bae70,89,(2, 3, 4),18,2.00,0.05]
[96][19.0,517b12a0e61bd77a7e00a5ebf9430c5a,93,(0, 2, 3),19,2.00,0.05]
[103][20.0,00ebef09d754cff6a761dc7e586543c5,96,(1, 0, 3),20,2.00,0.05]
[111][21.0,f407d1499eb951c3f1ed6e096496d7c2,103,(2, 1, 3),21,2.00,0.05]
[117][22.0,1374e6f130ac46cbeb96dfaa5b293d5a,111,(0, 2, 3),22,2.00,0.04]
[124][23.0,f2f975b95c0e8f01009895d21af122f7,117,(1, 0, 3),23,2.00,0.04]
[133][24.0,e43f24f1401e6f20510ed6f2a287d9ef,124,(3, 1, 5),24,2.00,0.04]
[138][25.0,bfa92482b368bc7c8724ad24cce43d56,133,(0, 3, 3),25,2.00,0.04]
[145][26.0,ff4df3bc838bfd1092d933aba008873f,138,(1, 0, 5),26,2.00,0.04]
[153][27.0,efed5f2ee1674ac78e80db9b9a226153,145,(2, 1, 3),27,2.00,0.04]
[159][28.0,20b63d47c04fdbc03d900f162c7728e0,153,(0, 2, 5),28,2.00,0.03]
[166][29.0,e40eca3bbb5fe46b3ee9545627f30f75,159,(1, 0, 3),29,2.00,0.03]
[174][30.0,5e17bf6f5bdf265860d243dc66532f2e,166,(2, 1, 5),30,2.00,0.03]
[182][31.0,54deda4ad562027ba0d36d443529d892,174,(3, 2, 3),31,2.00,0.03]
[187][32.0,b04dbe14530b75844c72b1124f0932ce,182,(0, 3, 3),32,2.00,0.03]
[194][33.0,bd5002004b77172d887057b9e3c70406,187,(1, 0, 5),33,2.00,0.03]
[202][34.0,6419dfe17514d893ea02e804b2442a4c,194,(2, 1, 3),34,2.00,0.03]
[208][35.0,ad0ce8bf0e71ca47627e0418e7df089b,202,(0, 2, 5),35,2.00,0.03]
[215][36.0,2ee37f602596cacb3daac70dd0d40a9f,208,(1, 0, 3),36,2.00,0.03]
[223][37.0,699030fd1033e9b80416c915734722f7,215,(2, 1, 5),37,2.00,0.03]
[232][38.0,6ee10c10f775003c496a429db5254283,223,(4, 2, 2),38,1.00,0.03]
[236][39.0,d67363f75843543d166c27fe2eaa0967,232,(2, 3, 2),39,1.00,0.03]
[239][40.0,6017822f7828785b66fdedb8a4601826,236,(0, 2, 3),40,1.00,0.02]
[246][41.0,5cb6d18c7d80ae54f7da743aa265f550,239,(1, 0, 5),41,1.00,0.02]
[254][42.0,5ad2f62c54b3aab82756d1c46f9682ba,246,(2, 1, 3),42,1.00,0.02]
[260][43.0,18a0376d4d98c483d56d1f9345789c99,254,(0, 2, 5),43,1.00,0.02]
[267][44.0,7ff1b31c0882b1a791c1e6affff69c8e,260,(1, 0, 3),44,1.00,0.02]
[276][45.0,54452bdf02b62794642672c650089556,267,(3, 1, 5),45,1.00,0.02]
[281][46.0,3b08362831292aaff37ee6381ee73fa1,276,(0, 3, 3),46,1.00,0.02]
[288][47.0,fd737255b2b6d77f3777e50235440cb2,281,(1, 0, 5),47,1.00,0.02]
[296][48.0,9fd4ea713d5be0ff087281e2091f26f0,288,(2, 1, 5),48,1.00,0.02]
[302][49.0,058304876c897c0f2fa69b794589604d,296,(0, 2, 5),49,1.00,0.02]
[309][50.0,54ffbaa67f850db4a1c9498851eea091,302,(1, 0, 5),50,1.00,0.02]
[317][51.0,9a03c1ec956f17bcefc28c7ef83f161b,309,(2, 1, 5),51,1.00,0.02]
[325][52.0,1526927da9a28e8e6779bd64df9f4e9d,317,(3, 2, 3),52,1.00,0.02]
[330][53.0,04fae5ab385985c1a3499e3fbc7f4497,325,(0, 3, 5),53,1.00,0.02]
[337][54.0,05f6acd909677f33abc8d59fc57b031a,330,(1, 0, 5),54,1.00,0.02]
[345][55.0,2f33c97b8547a3e54997b452db820132,337,(2, 1, 3),55,1.00,0.02]
[351][56.0,01190ae8fe211ea8b50d224e850b526d,345,(0, 2, 5),56,1.00,0.02]
[358][57.0,d10bd10565d6868b7622f47e063c52d7,351,(1, 0, 3),57,1.00,0.02]
[366][58.0,94bb8d50b1aaf9ec0f91194d3da5ad7f,358,(2, 1, 5),58,1.00,0.02]
[375][59.0,993eae7abbc73347b7b68c54423622f6,366,(4, 2, 1),59,0.00,0.02]
[379][60.0,0f4df6e71e5ceb9af82fe69f750f1e44,375,(0, 4, 3),60,0.00,0.02]
[383][61.0,c106a0f5db1510adfd231cf60dce2555,379,(1, 0, 5),61,0.00,0.02]
[392][62.0,af785eeb00e516cb55476ddabfdbc6bb,383,(2, 1, 1),62,0.00,0.02]
[399][63.0,801bb88b91083435ef16e7dadceec182,392,(0, 2, 5),63,0.00,0.02]
[407][64.0,cdd932309af65504828dd0dc044379d1,399,(1, 0, 1),64,0.00,0.02]
[416][65.0,2441eacc4fcf9d456d39bd8ac8a95054,407,(0, 5, 1),65,0.00,0.02]
