[0][0.0,70263306899857a3691f86e54812133f,None,None,0,9.00,1.00]
[1][1.0,ac683134a23dd19e7b9430befbbd6603,0,(0, 6, 2),1,8.00,0.50]
[13][2.0,b7ada04deb04101bf176df1e4e50ddce,1,(0, 7, 2),2,8.00,0.33]
[22][3.0,e389bfee37a66837fade08d1c4127d0f,13,(2, 0, 1),3,7.00,0.25]
[30][4.0,042d31b0d8e7c1412b59cfc087b23d12,22,(0, 7, 1),4,7.00,0.20]
[33][5.0,a3314f3121541a03f0c2ab519b5e34df,30,(2, 0, 2),5,6.00,0.17]
[39][6.0,885c0f095418860a8988c441295cd726,33,(3, 0, 2),6,5.00,0.14]
[40][7.0,fbb9a687bdb83c4b25bef53049d792e4,39,(1, 3, 2),7,4.00,0.12]
[41][8.0,e7ae90027493dfff65763e46f87885c5,40,(1, 2, 1),8,3.00,0.11]
[43][9.0,12b28bd734f7953a6fa69cab1bfed9db,41,(1, 7, 1),9,3.00,0.10]
[45][10.0,e3790c3ea09a3d2fc448d8053bf70849,43,(0, 1, 4),10,3.00,0.09]
[53][11.0,c78a0ea9ca0ab2028af444c924bb18be,45,(2, 0, 2),11,3.00,0.08]
[60][12.0,5bd3674b8d00550228e10aea203d03f0,53,(1, 2, 4),12,3.00,0.08]
[66][13.0,4d16b7feb3d76841eef748929ea2c5e5,60,(0, 1, 2),13,3.00,0.07]
[74][14.0,eec84ec5b4f5f13ccfe549818db18c63,66,(2, 0, 4),14,3.00,0.07]
[82][15.0,9459584ba8c57400baae2e89d2fa3b0d,74,(3, 2, 4),15,3.00,0.06]
[87][16.0,f55021f2ecab185ab04f9e32ca04f6dc,82,(0, 3, 4),16,3.00,0.06]
[94][17.0,3237cdc79a6c9ecc75cf577888bdc6fb,87,(1, 0, 2),17,3.00,0.06]
[102][18.0,b50ce06b983cac98e319f14a585f11e3,94,(2, 1, 4),18,3.00,0.05]
[108][19.0,c2409952f6ca3efa545bd074288ba14b,102,(0, 2, 2),19,3.00,0.05]
[115][20.0,1b70ec0c68978f2b45a928ad796f1036,108,(1, 0, 4),20,3.00,0.05]
[123][21.0,0ffaf5be2047f53b026b485d4d382f32,115,(2, 1, 2),21,3.00,0.05]
[131][22.0,8f8ce9fa93888fb3d58b60db5854242d,123,(3, 2, 4),22,3.00,0.04]
[137][23.0,6686be035ac08682f8951de6f116f722,131,(1, 3, 2),23,3.00,0.04]
[143][24.0,7a4ff2828a36b90cafbc3ebef538b2f1,137,(0, 1, 4),24,3.00,0.04]
[151][25.0,826890168a269219ee07f9744c9b535c,143,(2, 0, 4),25,3.00,0.04]
[158][26.0,cb756d8f8ed732de89fd7b1e30a96b7e,151,(1, 2, 4),26,3.00,0.04]
[164][27.0,27513d3c8686d89047220bc1803b7cc7,158,(0, 1, 4),27,3.00,0.04]
[172][28.0,b1a7b67d3f124389ad2ef4bb05bd6e78,164,(2, 0, 4),28,3.00,0.03]
[180][29.0,6aed4d828d5cbfe27195f342f91d9d7f,172,(3, 2, 2),29,3.00,0.03]
[188][30.0,2daec27836cf0a7321fb276b345a6561,180,(4, 3, 3),30,2.00,0.03]
[192][31.0,5e83e250a963c35bce5e0b8a5f0d2158,188,(2, 4, 2),31,2.00,0.03]
[195][32.0,60fd2da4cf5984f25432a57f1aa67e5b,192,(0, 2, 4),32,2.00,0.03]
[203][33.0,29d8f3b9c6c16eec9da59250ca458c6a,195,(1, 0, 4),33,2.00,0.03]
[212][34.0,6dc8e0f5c475c5966bbf7ebd286a4af6,203,(2, 1, 4),34,2.00,0.03]
[219][35.0,b12e0d14731dd1671c750e97dc795dcf,212,(0, 2, 4),35,2.00,0.03]
[227][36.0,4738fdc360fda926631755fd3c3412a0,219,(1, 0, 4),36,2.00,0.03]
[237][37.0,69e24f77e7b3378b99beadf8ec1cf422,227,(3, 1, 3),37,2.00,0.03]
[243][38.0,7e3bd47d8f39cd2b6fbe62cd4c55b2b8,237,(0, 3, 4),38,2.00,0.03]
[251][39.0,eda6d1880545f8498b81203ff726ccb1,243,(1, 0, 3),39,2.00,0.03]
[260][40.0,6e4f2c8ffabe5cb7a00503c536ab0831,251,(2, 1, 4),40,2.00,0.02]
[267][41.0,7e73f0fbd9b5546c4bc662fda9ccbac9,260,(0, 2, 3),41,2.00,0.02]
[275][42.0,066b08c2c026cc3dc4fa9bad2a52ffc5,267,(1, 0, 4),42,2.00,0.02]
[284][43.0,36fad2cb0644a6ae45644fc7be303ff5,275,(2, 1, 3),43,2.00,0.02]
[293][44.0,713e4b7677acb946084102ddd53ac634,284,(3, 2, 4),44,2.00,0.02]
[299][45.0,23af6444770176e3387a763c505576d7,293,(0, 3, 4),45,2.00,0.02]
[307][46.0,afffe366d18d06d6360262f15a46315f,299,(1, 0, 3),46,2.00,0.02]
[316][47.0,773ded917b9fd39d30c1bc2178ebbada,307,(2, 1, 4),47,2.00,0.02]
[323][48.0,76e133248f47dec77e364a9b773e0955,316,(0, 2, 3),48,2.00,0.02]
[331][49.0,d085b72b4d1c9e6754bac5239b79bb5e,323,(1, 0, 4),49,2.00,0.02]
[340][50.0,f3b8c8e23a64e3929968f80d5b791af3,331,(2, 1, 3),50,2.00,0.02]
[350][51.0,138f4932e75ef1bfee566c2a0064c772,340,(4, 2, 3),51,2.00,0.02]
[355][52.0,eb5a8f0522dc0e765d66cbc1e22a18c9,350,(0, 4, 4),52,2.00,0.02]
[363][53.0,2c4c1a2c9f5c2c63867fde7bc47e9e89,355,(1, 0, 3),53,2.00,0.02]
[372][54.0,49b1f13d0bbf52183ab861efd5f387b3,363,(2, 1, 3),54,2.00,0.02]
[379][55.0,14737367da52ddd28c5f2a2794a6efaa,372,(0, 2, 3),55,2.00,0.02]
[387][56.0,88158d4fd434655119ee22f64a7fb1f1,379,(1, 0, 3),56,2.00,0.02]
[396][57.0,09e293e2a59b5deaaeed6ca961390823,387,(2, 1, 3),57,2.00,0.02]
[405][58.0,f9f96cc175dec1882870fa92aec5fa69,396,(3, 2, 4),58,2.00,0.02]
[411][59.0,ffa26865be169154b624c764c242ed51,405,(0, 3, 3),59,2.00,0.02]
[419][60.0,9870870c127281091c108c1747e7477e,411,(1, 0, 3),60,2.00,0.02]
[428][61.0,ce603236a2734f473782eac97e1e44d4,419,(2, 1, 4),61,2.00,0.02]
[435][62.0,c59dedc4d2c0940551b2c9dcbc5096e6,428,(0, 2, 3),62,2.00,0.02]
[443][63.0,7c563c7496286d2b3656f8a0e283041c,435,(1, 0, 4),63,2.00,0.02]
[452][64.0,3396116cc14c2a2c4c2080c969ad9ba9,443,(2, 1, 3),64,2.00,0.02]
[461][65.0,d44f523c18fdb84fe49b137000938d67,452,(3, 2, 3),65,2.00,0.02]
[468][66.0,e85f9ac649204b29cc7d0e19f7c2af0a,461,(1, 3, 3),66,2.00,0.01]
[475][67.0,b7813aead6d9db4d989df72bd5091fa9,468,(0, 1, 4),67,2.00,0.01]
[484][68.0,2d12dfa68a3da41b58e64a3d95f54f55,475,(2, 0, 3),68,2.00,0.01]
[492][69.0,481276997e4327885bcdaba6bfe66072,484,(1, 2, 4),69,2.00,0.01]
[499][70.0,8ca0aba8c49af37918f5ad40add11e90,492,(0, 1, 3),70,2.00,0.01]
[508][71.0,44cbf4a3f992e7b3616d44e72a263a5f,499,(2, 0, 4),71,2.00,0.01]
[517][72.0,2d4fb597ecb1c540b5015d7816c159d1,508,(3, 2, 3),72,2.00,0.01]
[526][73.0,804eeb9c2d0f57d9856f1d310896cc10,517,(4, 3, 4),73,2.00,0.01]
[531][74.0,8e93f5b7585e3f1ef4c3d1489cc7e70d,526,(0, 4, 4),74,2.00,0.01]
[539][75.0,08d2d6f0dd4b02ba17c9b2545603a848,531,(1, 0, 3),75,2.00,0.01]
[548][76.0,9ac29a4b29c9c4f48387d9df274c3320,539,(2, 1, 3),76,2.00,0.01]
[555][77.0,7469e6d1cfe69ff1f0508e26b243b284,548,(0, 2, 3),77,2.00,0.01]
[563][78.0,61ebd1589e9a0cdc136f191248991572,555,(1, 0, 3),78,2.00,0.01]
[572][79.0,34906212c4de636fe6ec4a572ab0d2e5,563,(2, 1, 3),79,2.00,0.01]
[581][80.0,a68a4fd7e2efa12a1fe0c0085e3aba41,572,(3, 2, 4),80,2.00,0.01]
[587][81.0,d3867a59d6c5c2fbe31e416df3a4337b,581,(0, 3, 3),81,2.00,0.01]
[595][82.0,8ea1f9eefcde1616bd2ade03a91e898c,587,(1, 0, 3),82,2.00,0.01]
[604][83.0,4a10a56a9a319aef9f7996cf9f76e3b2,595,(2, 1, 4),83,2.00,0.01]
[611][84.0,f1610c16a4d9febe082214a288479630,604,(0, 2, 3),84,2.00,0.01]
[619][85.0,8677ac77103f77891f1879c0203905fc,611,(1, 0, 4),85,2.00,0.01]
[628][86.0,02a473b3c220ea37afc1150689393c9f,619,(2, 1, 3),86,2.00,0.01]
[637][87.0,5511515d3b261f5d15b9bac12fd35657,628,(3, 2, 3),87,2.00,0.01]
[644][88.0,2f4f9a70a73cf2152a72047703137fd3,637,(1, 3, 3),88,2.00,0.01]
[651][89.0,c9f7dc2c08cc1ca4415f7d594f544ab4,644,(0, 1, 4),89,2.00,0.01]
[660][90.0,adea962385085f5ffc30463948314db6,651,(2, 0, 3),90,2.00,0.01]
[668][91.0,4d08cd59b7cf26be2ef8cdc7de358410,660,(1, 2, 4),91,2.00,0.01]
[675][92.0,d5a2a2586d3aecd5fde9c757c1dcabca,668,(0, 1, 3),92,2.00,0.01]
[684][93.0,0c2b7e032df912f508968807920691c5,675,(2, 0, 4),93,2.00,0.01]
[693][94.0,5de956bf7fb56efdbba5918294e020ec,684,(3, 2, 3),94,2.00,0.01]
[703][95.0,f37d7f905a2d2ce7211fb3854960668e,693,(5, 1, 1),95,1.00,0.01]
[707][96.0,2de9a6b85a8ab570c9091557f0bdcf61,703,(0, 3, 4),96,1.00,0.01]
[715][97.0,0030726473986c441a7a5138aae9d35d,707,(1, 0, 4),97,1.00,0.01]
[724][98.0,454689c090b703c247528376f3da2152,715,(2, 1, 3),98,1.00,0.01]
[731][99.0,d031eae37bb07cacf63961089d5c5f17,724,(0, 2, 4),99,1.00,0.01]
[739][100.0,57c5a3a5dfc4d92e9283035619e12301,731,(1, 0, 3),100,1.00,0.01]
[748][101.0,ad8c942258769b0cdc4c9365ca81afe7,739,(2, 1, 4),101,1.00,0.01]
[757][102.0,c370a66b8cbfe1e985f9b56927b706a9,748,(3, 2, 4),102,1.00,0.01]
[763][103.0,5b7109af2eb707e30a5a8f7df45cbc04,757,(0, 3, 3),103,1.00,0.01]
[771][104.0,f01a4343928c64da43b96b00b17ed6c9,763,(1, 0, 4),104,1.00,0.01]
[780][105.0,1165b996ebb93bc3abd76c4ffb3e1644,771,(2, 1, 4),105,1.00,0.01]
[787][106.0,95cd9ef9a6de9680d5a40b84bae860dd,780,(0, 2, 4),106,1.00,0.01]
[795][107.0,7e27bbd02738f7bf055699d2221e8c4e,787,(1, 0, 4),107,1.00,0.01]
[804][108.0,73e91c91269b9a849ab0c581f59090d2,795,(2, 1, 4),108,1.00,0.01]
[814][109.0,d7146b73875eac2e0241d61bbb85e1f5,804,(4, 2, 4),109,1.00,0.01]
[819][110.0,2c401a0908fade4c2361936d371b2ca4,814,(0, 4, 4),110,1.00,0.01]
[827][111.0,ed1d508ff30a57b8bcbb10bad4c95a4f,819,(1, 0, 4),111,1.00,0.01]
[836][112.0,78dfc327a81f74f92ba2b58bc5ccd0a3,827,(2, 1, 4),112,1.00,0.01]
[843][113.0,e847c609918640a19b0e42a8311c4634,836,(0, 2, 4),113,1.00,0.01]
[851][114.0,b5fae25c401afd8b8c41c074d0cd22d5,843,(1, 0, 4),114,1.00,0.01]
[860][115.0,33692b3e8f4c592687ec21f997d42b8c,851,(2, 1, 4),115,1.00,0.01]
[869][116.0,00dcd586334c372a10951f347dd35221,860,(3, 2, 3),116,1.00,0.01]
[875][117.0,78fbb8b9409f44d8e079fd7cfb3584b0,869,(0, 3, 4),117,1.00,0.01]
[883][118.0,6a48dec7036d32a426bd48a64ae4af96,875,(1, 0, 4),118,1.00,0.01]
[892][119.0,d494d40db98ea7e204ce0e61982a5043,883,(2, 1, 3),119,1.00,0.01]
[899][120.0,ef12792384aeb07841663d765b0ede2c,892,(0, 2, 4),120,1.00,0.01]
[907][121.0,451bc91d29cbfb65c6d770ab6bdf62f7,899,(1, 0, 3),121,1.00,0.01]
[916][122.0,526ac8730ccc98e8d1fd54c3c20cd831,907,(2, 1, 4),122,1.00,0.01]
[925][123.0,bffdbaaa63da8fd230232c6b87380b43,916,(3, 2, 4),123,1.00,0.01]
[932][124.0,789cca8c185c3fa5dc4c043f5f54bfba,925,(1, 3, 4),124,1.00,0.01]
[939][125.0,df7fb99dc2ec56b505f9b0724371bc87,932,(0, 1, 3),125,1.00,0.01]
[948][126.0,e43802cba17f43e78e54b080fe59e35d,939,(2, 0, 4),126,1.00,0.01]
[956][127.0,d1db45c09e2bf8c943a7144356052025,948,(1, 2, 3),127,1.00,0.01]
[963][128.0,3b26a2f643cc4513f391d9aa0ff36a47,956,(0, 1, 4),128,1.00,0.01]
[972][129.0,e86a0acaa3c3c4f28f5640607624d5c2,963,(2, 0, 3),129,1.00,0.01]
[981][130.0,cdfa98b0da8a029c79055016e6e06472,972,(3, 2, 4),130,1.00,0.01]
[990][131.0,4162109b34a3fe5871b4e23d76ff9e27,981,(4, 3, 4),131,1.00,0.01]
[995][132.0,cf309dfb3dd8b7b6bfedc9f35a40d24d,990,(0, 4, 3),132,1.00,0.01]
[1003][133.0,9643513e95f8767b61f159b3e76a5356,995,(1, 0, 4),133,1.00,0.01]
[1012][134.0,b85ab009f1e53087c13ad8a004d4c38c,1003,(2, 1, 4),134,1.00,0.01]
[1019][135.0,16d162028ce928b1a8161fd40b601f46,1012,(0, 2, 4),135,1.00,0.01]
[1027][136.0,d4efc460c8079e34f189b40c32adffb6,1019,(1, 0, 4),136,1.00,0.01]
[1036][137.0,e7d183e9d707404c84e5d5b83c61548a,1027,(2, 1, 4),137,1.00,0.01]
[1045][138.0,87a39065d11b1d694392fb9da577765d,1036,(3, 2, 4),138,1.00,0.01]
[1051][139.0,7fd558c125137e62ea10ee0ade6158b8,1045,(0, 3, 4),139,1.00,0.01]
[1059][140.0,65e075470aed107ff38c3d32b31dc699,1051,(1, 0, 4),140,1.00,0.01]
[1068][141.0,f15f1b7d8b30b9371ef811e3c8e16a66,1059,(2, 1, 4),141,1.00,0.01]
[1075][142.0,d8b67eb60e664b8428ec5e11bbee25ee,1068,(0, 2, 4),142,1.00,0.01]
[1083][143.0,54f3385b0f223d9f1068878b7026bbd9,1075,(1, 0, 4),143,1.00,0.01]
[1092][144.0,522e83fe8f65a8d95de5a3b4ecab2741,1083,(2, 1, 4),144,1.00,0.01]
[1101][145.0,3015158684446437bd113faad3f9c6c7,1092,(3, 2, 4),145,1.00,0.01]
[1108][146.0,1c9737d92cc91e9f831a0b5825799d66,1101,(1, 3, 4),146,1.00,0.01]
[1115][147.0,f2e830062e2877fb25104ec969bef263,1108,(0, 1, 4),147,1.00,0.01]
[1124][148.0,d8db045ac18a322169c9317df74eb231,1115,(2, 0, 4),148,1.00,0.01]
[1132][149.0,c7a55e959f63f04e26980c9659eb029f,1124,(1, 2, 4),149,1.00,0.01]
[1139][150.0,53850ac45e41ec5c9a98ce051a06b13a,1132,(0, 1, 4),150,1.00,0.01]
[1148][151.0,cd7143286e86a7fc13e1010546455435,1139,(2, 0, 4),151,1.00,0.01]
[1157][152.0,be533c602c5d754fbe64ae184c473c7a,1148,(3, 2, 4),152,1.00,0.01]
[1167][153.0,2f19fd144aef64bdfc4860d602d42f65,1157,(5, 3, 2),153,0.00,0.01]
[1171][154.0,79570a5a9e92e66ae6c887da952b51ae,1167,(3, 6, 2),154,0.00,0.01]
[1175][155.0,089607b13a83db5af87bb19847ded7cc,1171,(0, 3, 4),155,0.00,0.01]
[1184][156.0,6cd512a60513898dd0889d2f6ac60042,1175,(1, 0, 4),156,0.00,0.01]
[1194][157.0,85ea41d1e5a907512652d7f6580188d0,1184,(2, 1, 4),157,0.00,0.01]
[1202][158.0,aa01849829d145802c44552bceaf4502,1194,(0, 2, 4),158,0.00,0.01]
[1211][159.0,7af155385e3a953e790f76022a3a5d66,1202,(1, 0, 4),159,0.00,0.01]
[1221][160.0,42de7791c7cc442431bc7a074446a294,1211,(2, 1, 4),160,0.00,0.01]
[1231][161.0,b172c0a3eb2a421fdb5c5cd123068066,1221,(3, 2, 4),161,0.00,0.01]
[1238][162.0,c146a0e9d959db182aef4b20430cc3be,1231,(0, 3, 4),162,0.00,0.01]
[1247][163.0,1bfa7499c099fe29c4336f1f8f69cfb0,1238,(1, 0, 4),163,0.00,0.01]
[1257][164.0,1a28bf080d4c56d51ba4566200dc1746,1247,(2, 1, 4),164,0.00,0.01]
[1265][165.0,697deea3fd26bbbb6d69c483e9083c78,1257,(0, 2, 4),165,0.00,0.01]
[1274][166.0,81d6ce8d61d04d8b7be76006efbf447e,1265,(1, 0, 4),166,0.00,0.01]
[1284][167.0,cc2ae5cad037207a5528e82cc744b432,1274,(2, 1, 4),167,0.00,0.01]
[1295][168.0,ee2177f2d09383f24b19ace66d18302d,1284,(4, 2, 3),168,0.00,0.01]
[1301][169.0,158bd39456c08a7090b1570368f9b6f3,1295,(0, 4, 4),169,0.00,0.01]
[1310][170.0,9682ac48d8258264f22d9c4ee884cd73,1301,(1, 0, 4),170,0.00,0.01]
[1320][171.0,2b27f625d0e1c839ca607ae55035900d,1310,(2, 1, 3),171,0.00,0.01]
[1328][172.0,5d862c389fbe57a4a08ef24cddb07539,1320,(0, 2, 4),172,0.00,0.01]
[1337][173.0,1517012b47cc6defd4e52065ce07c6e0,1328,(1, 0, 3),173,0.00,0.01]
[1347][174.0,57f7321be08f335971c0a6c46403bc06,1337,(0, 5, 3),174,0.00,0.01]
