[0][0.0,70263306899857a3691f86e54812133f,None,None,0,9.00,0.00]
[1][1.0,ac683134a23dd19e7b9430befbbd6603,0,(0, 6, 2),1,8.00,1.00]
[15][2.0,8366fefab992c3c09f1e3e78714621b5,1,(2, 0, 1),2,7.00,2.00]
[116][3.0,a4298758f8248aa5696af97489a01e3a,15,(2, 7, 2),3,6.00,3.00]
[280][4.0,a7557cce0dbde46aefd557787e60a3c0,116,(3, 7, 2),4,5.00,4.00]
[497][5.0,6523d6a4437d167516c449cb11dcf1c3,280,(1, 3, 2),5,4.00,5.00]
[801][6.0,cc777a8478dd0d96e2a9940d0ce62223,497,(1, 2, 1),6,3.00,6.00]
[1300][7.0,240c76e58e6ca97635ec3da6e8b1854c,801,(0, 1, 3),7,3.00,7.00]
[2301][8.0,65587cdc8f6560b17ebeae8283edbe4a,1300,(4, 0, 3),8,2.00,8.00]
[4427][9.0,80b91b9275370839b7d6f26c895af3d3,2301,(2, 4, 2),9,2.00,9.00]
[9236][10.0,799c9cd72eb7a096eb8d1c567902d8eb,4427,(5, 0, 1),10,1.00,10.00]
[20964][11.0,007ecc8ba4e686d469e53089093aecd3,9236,(5, 6, 2),11,0.00,11.00]
[48208][12.0,871ae5b5df96f2a3002bf6b6bca2df60,20964,(4, 5, 3),12,0.00,12.00]
