[0][0.0,a68e4054a1e5053e7be52aba4b8653d5,None,None,0,15.00,0.00]
[3][1.0,5ef5054e589da1fdc42dbc57b2814e2e,0,(1, 6, 1),1,14.00,1.00]
[30][2.0,3a56eaf8b76c18feccdb893dfdd6ded2,3,(3, 6, 1),2,13.00,2.00]
[151][3.0,8d856d2a1c82c7e395d61ec9388a21d5,30,(3, 7, 2),3,12.00,3.00]
[403][4.0,672411938f99c52cdcfab8d001cc4b90,151,(2, 3, 1),4,11.00,4.00]
[881][5.0,4405c45bfd4c4dcd009e783d9f2f64af,403,(2, 7, 1),5,10.00,5.00]
[1694][6.0,76d7f25f13e52b1dba25900703828877,881,(2, 6, 1),6,9.00,6.00]
[2982][7.0,301b11906e6bfd178bb0c8414238cd5f,1694,(4, 3, 1),7,8.00,7.00]
[4911][8.0,c2e78893081af655dcb04e93c6438912,2982,(0, 4, 1),8,7.00,8.00]
[7675][9.0,41ffb25e1192ba3652515739c5009f08,4911,(0, 1, 1),9,6.00,9.00]
[11286][10.0,bdd66e84db123e432caa11449f3e26c3,7675,(4, 0, 2),10,5.00,10.00]
[16061][11.0,624dc5b0d16afe554b8acf5c97225fd3,11286,(2, 4, 1),11,5.00,11.00]
[22608][12.0,d0347d721f570edb9debb9badbeba0c9,16061,(5, 3, 1),12,4.00,12.00]
[32167][13.0,9c16ca7c553ea114671d955599241663,22608,(5, 7, 1),13,3.00,13.00]
[47893][14.0,67e58e98f4d2ab4407ea5a18755ae92c,32167,(4, 5, 2),14,2.00,14.00]
[76368][15.0,a09da650914594cda1683cf332b2ce8e,47893,(0, 4, 3),15,1.00,15.00]
[129820][16.0,a9793daf4109278685f3a0bb8810c018,76368,(1, 0, 3),16,0.00,16.00]
[228846][17.0,569b3f87a12ae0811b270cdb03fbcba9,129820,(1, 6, 1),17,0.00,17.00]
