[0][0.0,a68e4054a1e5053e7be52aba4b8653d5,None,None,0,15.00,1.00]
[1][1.0,752c7c2df0381bb80972612f8cfa653b,0,(0, 6, 1),1,14.00,0.50]
[13][2.0,f27ab4408557172742e9b3944460939b,1,(0, 7, 1),2,13.00,0.33]
[20][3.0,946a764eec8924ae45d384c2bd1e6781,13,(0, 6, 1),3,12.00,0.25]
[22][4.0,5560b94c92b05e3dec279d903e3e4283,20,(0, 7, 1),4,12.00,0.20]
[24][5.0,0921f5bafbe41c5b99a0ab766c61886a,22,(1, 0, 1),5,11.00,0.17]
[31][6.0,5384db16adbb1044f63627bf4d4c7b5f,24,(1, 7, 2),6,10.00,0.14]
[33][7.0,73f9cc92edc1cd2e4fe0c8efdd187884,31,(0, 1, 1),7,10.00,0.12]
[37][8.0,4446f4347310e99762313d7453c9aca4,33,(1, 0, 2),8,10.00,0.11]
[46][9.0,16fb8378f01a83c52b19e434e44ff2aa,37,(2, 1, 1),9,9.00,0.10]
[53][10.0,b14036cce857cc539e4bc0da444131bd,46,(3, 0, 1),10,8.00,0.09]
[56][11.0,39e536033730795f17639b3fd2d70f29,53,(2, 3, 1),11,7.00,0.08]
[59][12.0,4cde3f71aa0c96f0646244a2d5065988,56,(2, 0, 1),12,6.00,0.08]
[62][13.0,de0aad0d045349892e45190d050f6ea5,59,(4, 1, 1),13,5.00,0.07]
[64][14.0,44e532d62640a9ba602564c0d23f495e,62,(4, 6, 1),14,4.00,0.07]
[66][15.0,483a1c643e7df3906aeec06175e650b6,64,(2, 4, 1),15,4.00,0.06]
[69][16.0,4aa59900d3a05995eac9656c9926fa8f,66,(0, 2, 4),16,4.00,0.06]
[77][17.0,6a7c4d8643396295c7ed19c05cb1bfc7,69,(1, 0, 2),17,4.00,0.06]
[86][18.0,04d2ee0990799dc9174151f2145f26df,77,(2, 1, 4),18,4.00,0.05]
[93][19.0,da898bbf99567920866782aee2343981,86,(0, 2, 2),19,4.00,0.05]
[101][20.0,9964d1791d2927ba7139597e68edc688,93,(1, 0, 4),20,4.00,0.05]
[111][21.0,d486e8ed67de466f8e318d1ce34152bc,101,(3, 1, 3),21,3.00,0.05]
[117][22.0,cbba93a4ba89b953c217c29b6b728e9a,111,(2, 3, 2),22,3.00,0.04]
[121][23.0,db6511b6a84c1ee580fd54107bc21d0e,117,(0, 2, 4),23,3.00,0.04]
[129][24.0,f6e93026a175362d51622d53ce8a6b53,121,(1, 0, 3),24,3.00,0.04]
[138][25.0,b460b8f6cdd5237e1912cd9cd57bc0b7,129,(2, 1, 4),25,3.00,0.04]
[145][26.0,a98243d40d3812aa8a3a64bb7ddda461,138,(0, 2, 3),26,3.00,0.04]
[153][27.0,9ff8e84a9a1ff367c675e2f1c3548411,145,(1, 0, 4),27,3.00,0.04]
[163][28.0,c6c5d129e3474d8eba8514fbb4168039,153,(3, 1, 3),28,3.00,0.03]
[169][29.0,4e429db42d49c4af6d0bb457ba083728,163,(0, 3, 4),29,3.00,0.03]
[177][30.0,41386de0127c5759e11829d25348564c,169,(1, 0, 3),30,3.00,0.03]
[186][31.0,6518a6878f3cb402553bb0eff901c78c,177,(2, 1, 3),31,3.00,0.03]
[193][32.0,24549e8278e1df6d5390504017b63db3,186,(0, 2, 3),32,3.00,0.03]
[201][33.0,a0113f0174084b6f29e7cd76bd665b8b,193,(1, 0, 3),33,3.00,0.03]
[210][34.0,c0034019c892c424c0ab2e0511bb4f97,201,(2, 1, 3),34,3.00,0.03]
[219][35.0,54bb7c7da69ba64ed8d45f98a33afa46,210,(3, 2, 4),35,3.00,0.03]
[225][36.0,d58c4057a44b37e7bf03bb83097e88fa,219,(0, 3, 3),36,3.00,0.03]
[233][37.0,bab3edf7d95af9ad325d496a2727f295,225,(1, 0, 3),37,3.00,0.03]
[242][38.0,ad9559d3dedb525439c3d271e74d5fc5,233,(2, 1, 4),38,3.00,0.03]
[249][39.0,9229f28b1212d090803f6a92bced9c43,242,(0, 2, 3),39,3.00,0.03]
[257][40.0,59c56979e13ab832dba94f3560003806,249,(1, 0, 4),40,3.00,0.02]
[266][41.0,c211c3b5118c24cd159806cd9f86c776,257,(2, 1, 3),41,3.00,0.02]
[276][42.0,8b405afe9bc360c47d019a96b088c222,266,(4, 2, 2),42,2.00,0.02]
[281][43.0,9afc3c23f4b9fdd2bb8f0e7cbd007ea4,276,(4, 6, 1),43,2.00,0.02]
[284][44.0,70d2987353b1f7dad3718c66685bca0a,281,(0, 4, 4),44,2.00,0.02]
[292][45.0,389c72d66e24d5edad6e209e811d5f2d,284,(1, 0, 3),45,2.00,0.02]
[301][46.0,60546aa02122b3a9c2ec38de7acf35d5,292,(2, 1, 2),46,2.00,0.02]
[308][47.0,0466e63b27c47f26681bec8266dbbee9,301,(0, 2, 3),47,2.00,0.02]
[316][48.0,cdad3e53837d0c591269ca87f5112a64,308,(1, 0, 2),48,2.00,0.02]
[325][49.0,d802179ac8b0df0cfaa4321c848203a6,316,(2, 1, 3),49,2.00,0.02]
[334][50.0,e72d54c819e80c59e27999e47fcc52c5,325,(3, 2, 3),50,2.00,0.02]
[340][51.0,f01cd3328672ddf43ed4590c76ccef7a,334,(0, 3, 2),51,2.00,0.02]
[348][52.0,481803016f589c9ee102441f015d204d,340,(1, 0, 3),52,2.00,0.02]
[357][53.0,06d140d9e60a299e8f9775947a33eb07,348,(2, 1, 3),53,2.00,0.02]
[364][54.0,da92dfe2b9e289ce0ba91c12c87c6733,357,(0, 2, 3),54,2.00,0.02]
[372][55.0,7455d6786543b59128bd40f84eebffd2,364,(1, 0, 3),55,2.00,0.02]
[381][56.0,4a1d633461459a3f4bb5faa4df7a23f1,372,(2, 1, 3),56,2.00,0.02]
[390][57.0,472aae2f5e1d53ae4dfbf219b69745e9,381,(3, 2, 2),57,2.00,0.02]
[397][58.0,2d1389debaa6f0a0e54982750c8a7d2f,390,(1, 3, 3),58,2.00,0.02]
[404][59.0,542ae66805cafe8b8a9ccbb5371e5429,397,(0, 1, 3),59,2.00,0.02]
[413][60.0,ecb4ffff487dacdcbd8378629ee5e397,404,(2, 0, 2),60,2.00,0.02]
[421][61.0,6e928d0acbc9947db22a0d869f81c170,413,(1, 2, 3),61,2.00,0.02]
[428][62.0,7e3176168aebdcb4766f36d2720769fd,421,(0, 1, 2),62,2.00,0.02]
[437][63.0,92f2fc967554e020cdf09aada38e2aeb,428,(2, 0, 3),63,2.00,0.02]
[446][64.0,fb7e37aae5415ed446b4b10d952b68e0,437,(3, 2, 3),64,2.00,0.02]
[455][65.0,06f8d6ae6f4e9960b56a0dc6b401af16,446,(4, 3, 4),65,2.00,0.02]
[460][66.0,4ea60c5e3e8d3c871a0e7a2d2dc570ad,455,(0, 4, 3),66,2.00,0.01]
[468][67.0,320b43ff918298290518e6dfc3cfc694,460,(1, 0, 2),67,2.00,0.01]
[477][68.0,b90b77a83f0282a560e281576e755161,468,(2, 1, 3),68,2.00,0.01]
[484][69.0,47dc382dc62488ea61f576bc0be46e27,477,(0, 2, 2),69,2.00,0.01]
[492][70.0,d63b38182142908aac73aa6d6ad8e36f,484,(1, 0, 3),70,2.00,0.01]
[501][71.0,7c859e8e605717948f16d65ccffa1baf,492,(2, 1, 2),71,2.00,0.01]
[510][72.0,8d31e744b1fe5c5284d0d54590e55190,501,(3, 2, 4),72,2.00,0.01]
[516][73.0,87184d4d6e79b38304dac64e0cd171e4,510,(0, 3, 3),73,2.00,0.01]
[524][74.0,99dece62e08c8f9074840866ca558ee7,516,(1, 0, 2),74,2.00,0.01]
[533][75.0,eb8931622ced595cb19ffe4498fc590e,524,(2, 1, 4),75,2.00,0.01]
[540][76.0,d4277f4de91d93e54df49ba9de26ea49,533,(0, 2, 2),76,2.00,0.01]
[548][77.0,f074f2334abd10b9f7438c5a495b073b,540,(1, 0, 4),77,2.00,0.01]
[557][78.0,cdf6b22c8315f519ae40dbc4163da9e0,548,(2, 1, 2),78,2.00,0.01]
[566][79.0,a06eaff1f2a5ec1ffdbe221ff3bd1172,557,(3, 2, 3),79,2.00,0.01]
[573][80.0,a573a07602757a2bc8ed219747871356,566,(1, 3, 2),80,2.00,0.01]
[580][81.0,6d6bc694dcc8764ec270f6989e4ce29b,573,(0, 1, 4),81,2.00,0.01]
[589][82.0,3e2b9e395b44a9282dde414ee7a5038b,580,(2, 0, 3),82,2.00,0.01]
[597][83.0,ec4ddf07bffbcbcfb6d89b547b2b7269,589,(1, 2, 4),83,2.00,0.01]
[604][84.0,f2f05c13c0543734e9ce275744215f04,597,(0, 1, 3),84,2.00,0.01]
[613][85.0,f2baf7115b5f861396d854186724667a,604,(2, 0, 4),85,2.00,0.01]
[622][86.0,3396befa107b88201bafb2f984c8067a,613,(3, 2, 2),86,2.00,0.01]
[632][87.0,d047c3fd98376e2a63d3fb8e8ef4040a,622,(5, 1, 1),87,1.00,0.01]
[636][88.0,bd9e040ccb5f505e1ab50be3de86ae2f,632,(0, 3, 4),88,1.00,0.01]
[644][89.0,3a3887d9996e6d849a5b37b0a90f03da,636,(1, 0, 4),89,1.00,0.01]
[653][90.0,8e839ca07a7bee84b4573f5bf4ff7817,644,(2, 1, 2),90,1.00,0.01]
[660][91.0,3a96d7f1c3281b49af390471616c7302,653,(0, 2, 4),91,1.00,0.01]
[668][92.0,d2416686546554fdcc940e2a33bc89ec,660,(1, 0, 2),92,1.00,0.01]
[677][93.0,49826aa43b18a4f12c2bd01eed6ea2ed,668,(2, 1, 4),93,1.00,0.01]
[686][94.0,f049bbad1c89eaa7c8e3f7d5f24f5695,677,(3, 2, 4),94,1.00,0.01]
[692][95.0,429cec062c4fe465ee32d44cabe837b1,686,(0, 3, 2),95,1.00,0.01]
[700][96.0,2b100ec0d7443443e3831e51dc8958bb,692,(1, 0, 4),96,1.00,0.01]
[709][97.0,e00a89b1233ede16cf12dd4ee6991bcf,700,(2, 1, 4),97,1.00,0.01]
[716][98.0,64ba7cce20788485749b0b3df6094b0e,709,(0, 2, 4),98,1.00,0.01]
[724][99.0,7a04c5c55b7aedc849efcb366b28d7bc,716,(1, 0, 4),99,1.00,0.01]
[733][100.0,8d6b3862e7bcec7933ae0d4e34560731,724,(2, 1, 4),100,1.00,0.01]
[743][101.0,eb1a157bf1631ad906a21f881b0d7371,733,(4, 2, 3),101,1.00,0.01]
[748][102.0,bd4e9e9dfda4af6aaec1fd5836ae4de0,743,(0, 4, 4),102,1.00,0.01]
[756][103.0,719f49d497825b87a999985e01f83159,748,(1, 0, 4),103,1.00,0.01]
[765][104.0,ed90ae0dd3256550b9125406b6520657,756,(2, 1, 3),104,1.00,0.01]
[772][105.0,761a8a80fe3e012e1c1c1b086fcb61b0,765,(0, 2, 4),105,1.00,0.01]
[780][106.0,2a0c0312ec5c39a60eb7dc502f482fb5,772,(1, 0, 3),106,1.00,0.01]
[789][107.0,b99103babd375eb38adb2cd39bee40a0,780,(2, 1, 4),107,1.00,0.01]
[798][108.0,32d10d1c95fe8eeb4c2f593dab77688f,789,(3, 2, 2),108,1.00,0.01]
[804][109.0,7a1ce961a83958cfbdf0326bcf50b349,798,(0, 3, 3),109,1.00,0.01]
[812][110.0,e989c3103d79602be84fc07671c519a8,804,(1, 0, 4),110,1.00,0.01]
[821][111.0,7131c00b8e5c6056b5262f9f24d44ff3,812,(2, 1, 2),111,1.00,0.01]
[828][112.0,9aac5d68e4977a480147c470cc8acc6f,821,(0, 2, 4),112,1.00,0.01]
[836][113.0,0bd362b0bea59da2cbf44f75d4c35d35,828,(1, 0, 2),113,1.00,0.01]
[845][114.0,56275050d130170cd1fedd41cab84ddf,836,(2, 1, 4),114,1.00,0.01]
[854][115.0,2be9443e5500f8e64b6c44e475424c91,845,(3, 2, 3),115,1.00,0.01]
[861][116.0,254a9242c73986279b75afc646e44d99,854,(1, 3, 4),116,1.00,0.01]
[868][117.0,43852a54617b7695e0b94d35b1c96d93,861,(0, 1, 2),117,1.00,0.01]
[877][118.0,a793a6f02efe39b461f0935c567df1ca,868,(2, 0, 3),118,1.00,0.01]
[885][119.0,400fff5a44ed339d48f4c5550acbeb92,877,(1, 2, 2),119,1.00,0.01]
[892][120.0,171cf8084b663eed18c9b68502a40635,885,(0, 1, 3),120,1.00,0.01]
[901][121.0,b106bf7bc7c692403d4c11de130ab21e,892,(2, 0, 2),121,1.00,0.01]
[910][122.0,2c820d9497dd0e472a872d6da093980f,901,(3, 2, 4),122,1.00,0.01]
[919][123.0,3afc628dd79430c9a990e5b67fa49166,910,(4, 3, 4),123,1.00,0.01]
[924][124.0,c6896aec292c1883e068c2ae81bd63c3,919,(0, 4, 2),124,1.00,0.01]
[932][125.0,ab5536b4e0dee8e5a0136fce3a81018e,924,(1, 0, 3),125,1.00,0.01]
[941][126.0,53bb91c6ba526116d346ad4c3fd1915f,932,(2, 1, 4),126,1.00,0.01]
[948][127.0,92bda25c35bed1a946dc21cfbe02e834,941,(0, 2, 3),127,1.00,0.01]
[956][128.0,4cd12ce906403e8dc65fbedf9440cf89,948,(1, 0, 4),128,1.00,0.01]
[965][129.0,adfe79c23615e9efdc251d411f62dd68,956,(2, 1, 3),129,1.00,0.01]
[974][130.0,a3b8af8adcd6bfd42d39389de3f39dd4,965,(3, 2, 4),130,1.00,0.01]
[980][131.0,772653e0134d1bb25ff6800117566192,974,(0, 3, 4),131,1.00,0.01]
[988][132.0,769bab8dd6dd00a664017d7dd9f5fc7f,980,(1, 0, 3),132,1.00,0.01]
[997][133.0,ffe8716a2e4a5d913f641f57e05c3610,988,(2, 1, 4),133,1.00,0.01]
[1004][134.0,892562677047013f8c8900743d5a2ead,997,(0, 2, 3),134,1.00,0.01]
[1012][135.0,48f47599b3fed1209a1718587c2e3525,1004,(1, 0, 4),135,1.00,0.01]
[1021][136.0,e43e96b6e5f1f4f77406439795e65a11,1012,(2, 1, 3),136,1.00,0.01]
[1030][137.0,f52711ec4e12275caf9baf5610233ab0,1021,(3, 2, 4),137,1.00,0.01]
[1037][138.0,66a4913417ca5b652850b81760414787,1030,(1, 3, 3),138,1.00,0.01]
[1044][139.0,174b6a734dbdaf93e3262085a295c25a,1037,(0, 1, 4),139,1.00,0.01]
[1053][140.0,8475e25483582f18aabedc13857e051b,1044,(2, 0, 4),140,1.00,0.01]
[1061][141.0,267e79b492d5c2b52e15118d43571eda,1053,(1, 2, 4),141,1.00,0.01]
[1068][142.0,4cb25aa15616290da05cd26e06c7ab7d,1061,(0, 1, 4),142,1.00,0.01]
[1077][143.0,3ba7683b8392d81e4d0e47d0320e93b2,1068,(2, 0, 4),143,1.00,0.01]
[1086][144.0,e22eb9063cf67792fb18993e17b5c1d9,1077,(3, 2, 3),144,1.00,0.01]
[1096][145.0,eeb686dfb78a8e5ce979b8ecc272c4d4,1086,(5, 2, 1),145,0.00,0.01]
[1100][146.0,e93546be6463e9fc8fb77c0493f8af5d,1096,(0, 3, 4),146,0.00,0.01]
[1109][147.0,7838304246b2dde1ece860b862b6ca15,1100,(1, 0, 4),147,0.00,0.01]
[1119][148.0,32086347d46ff594535085718e718473,1109,(2, 1, 4),148,0.00,0.01]
[1127][149.0,8075f8fbf0b94bdc5db3dda6e52e697c,1119,(0, 2, 4),149,0.00,0.01]
[1136][150.0,1e3ac4164f40ff00cf8f58e13fcb323d,1127,(1, 0, 4),150,0.00,0.01]
[1146][151.0,8d554375d693f55794831f05756d7e84,1136,(2, 1, 4),151,0.00,0.01]
[1156][152.0,5d5a615a81de292006a2c5e7ff559eed,1146,(3, 2, 4),152,0.00,0.01]
[1163][153.0,544c9a4fe66c4d93c7e7ac6a4d1f7dad,1156,(0, 3, 4),153,0.00,0.01]
[1172][154.0,7800270a69ad4919b2c27d0014f36d90,1163,(1, 0, 4),154,0.00,0.01]
[1182][155.0,23e7c0290486c863417bf32864b61339,1172,(2, 1, 4),155,0.00,0.01]
[1190][156.0,58a3107d24b92cac272b1e6dc48da5a1,1182,(0, 2, 4),156,0.00,0.01]
[1199][157.0,a6b6ad3697e808d5f3ac522fd1a2678d,1190,(1, 0, 4),157,0.00,0.01]
[1209][158.0,04dcd74fa2c71138f2ad8b512e98c679,1199,(2, 1, 4),158,0.00,0.01]
[1220][159.0,b4d3f8c40bc9a4ee4621f5e3174dce7c,1209,(4, 2, 2),159,0.00,0.01]
[1226][160.0,af109323c5c649b092c4db278efdc096,1220,(0, 4, 4),160,0.00,0.01]
[1235][161.0,cc99b4ac22aba5ba3e95d30b580bb3f5,1226,(1, 0, 4),161,0.00,0.01]
[1245][162.0,e719f5ad61b22c2d81da29a8475bbba4,1235,(2, 1, 2),162,0.00,0.01]
[1253][163.0,427266488135b6ff7f14249913f41bd7,1245,(0, 2, 4),163,0.00,0.01]
[1262][164.0,f00164fdccbf492c6f2af440d18d9744,1253,(1, 0, 2),164,0.00,0.01]
[1272][165.0,f5584bdac35600a53528fd871f4f43e1,1262,(0, 5, 2),165,0.00,0.01]
