[0][0.0,2eb6e8ab5dbb28e693cc72ed7382692e,None,None,0,9.00,1.00]
[1][1.0,fba66a923d10cd2e3c5f3d7dbeee73f9,0,(0, 4, 2),1,8.00,0.50]
[9][2.0,3f0fe18eb746cd60ef621f870498bb1c,1,(0, 5, 1),2,7.00,0.33]
[16][3.0,f3dae1e091f34f832d7510d6727fae21,9,(1, 4, 2),3,6.00,0.25]
[18][4.0,ecfb93ecde73dd3c6bbd59f2d9aae2ed,16,(0, 1, 1),4,5.00,0.20]
[21][5.0,b27759d089d2707b61812768fe6254c6,18,(0, 5, 1),5,5.00,0.17]
[24][6.0,53521edfcb0705e69fe71663407c93aa,21,(1, 0, 4),6,5.00,0.14]
[31][7.0,21c8040948ba0ff918f9127f84a722eb,24,(2, 1, 1),7,4.00,0.12]
[36][8.0,82061dd38e026923a874934e1eff939d,31,(1, 4, 1),8,4.00,0.11]
[39][9.0,367b92a03186bef38421e48af1c0e340,36,(0, 1, 4),9,4.00,0.10]
[46][10.0,2c8648354bcccf55d64dd31ee67bdbd9,39,(2, 0, 3),10,3.00,0.09]
[51][11.0,8d81cf6a46aadda878a0a7fdd8800f0f,46,(2, 5, 1),11,3.00,0.08]
[54][12.0,22b588d45afb59932e50bdd0a32b74da,51,(0, 2, 3),12,3.00,0.08]
[60][13.0,55da05714c8b446085229d1ef7322a22,54,(1, 0, 4),13,3.00,0.07]
[67][14.0,f43bef9dc2d64cee2155656a8b5e5f9e,60,(2, 1, 3),14,3.00,0.07]
[72][15.0,c208595e5b0b697804a435ffece47bbf,67,(0, 2, 4),15,3.00,0.06]
[78][16.0,c1de9dbec16e930f7fe013bd14f30a44,72,(1, 0, 3),16,3.00,0.06]
[86][17.0,048a116c0efb53a215256d030cb34004,78,(3, 0, 1),17,2.00,0.06]
[90][18.0,fba009461c73e3e1c58f58a0e42dc9e6,86,(0, 1, 4),18,2.00,0.05]
[97][19.0,f4f4ab7917b4ee43d81df5ae28ee1b5e,90,(2, 0, 4),19,2.00,0.05]
[103][20.0,e45035e72c7654b5eb7f60c2b0a9ff80,97,(1, 2, 4),20,2.00,0.05]
[108][21.0,7c48aeb57a567cdefc2b93ac3af7e133,103,(0, 1, 4),21,2.00,0.05]
[115][22.0,ef4bce4964d1869acb528494248f8463,108,(2, 0, 4),22,2.00,0.04]
[122][23.0,f63bdba378748049b1c355ad9cf161e6,115,(3, 2, 2),23,1.00,0.04]
[126][24.0,9c2dd5cf85ea28814be1a6f493c9b09c,122,(2, 5, 2),24,1.00,0.04]
[129][25.0,bc6fcfbcadc75a03bd5b958d0c08c82d,126,(0, 2, 4),25,1.00,0.04]
[135][26.0,aaa4758192f561470b51dab63bf77905,129,(1, 0, 4),26,1.00,0.04]
[142][27.0,bb328c1c199a167b600a0961c8dabedf,135,(2, 1, 4),27,1.00,0.04]
[147][28.0,5a247341af7d80d0e115d0c3e41074c7,142,(0, 2, 4),28,1.00,0.03]
[153][29.0,3e12272594064440b5c2ce6472712f58,147,(1, 0, 4),29,1.00,0.03]
[161][30.0,700956e925753c8489b25cc8d7eec26f,153,(3, 1, 1),30,0.00,0.03]
[165][31.0,012d04dd42f23468e26cd353e620991b,161,(0, 3, 4),31,0.00,0.03]
[169][32.0,76d0032d02280ce5095c39044638b711,165,(1, 0, 1),32,0.00,0.03]
[177][33.0,7ad46704e79c9d5911d7be4f8b70491a,169,(0, 2, 1),33,0.00,0.03]
