[0][0.0,2eb6e8ab5dbb28e693cc72ed7382692e,None,None,0,9.00,0.00]
[1][1.0,fba66a923d10cd2e3c5f3d7dbeee73f9,0,(0, 4, 2),1,8.00,1.00]
[10][2.0,3b4fdc812162bef4510579f603c307b5,1,(1, 4, 2),2,7.00,2.00]
[67][3.0,9572af568614480ab2db8fe3b80d6b66,10,(2, 4, 1),3,6.00,3.00]
[199][4.0,056baa538b3152626c10a6a405fa0c04,67,(3, 2, 1),4,5.00,4.00]
[422][5.0,09db18edf2b75a027cbfba33af667a75,199,(0, 3, 1),5,4.00,5.00]
[807][6.0,0676adab47ce07eb6bc1fd05014e2d9e,422,(0, 1, 1),6,3.00,6.00]
[1521][7.0,295d8d64d2247a9c75fd5b3dcbc6fe2d,807,(3, 0, 3),7,2.00,7.00]
[2956][8.0,8a4eb644a86c7434e84cd7721b888b97,1521,(3, 1, 1),8,1.00,8.00]
[5253][9.0,9137c45f51db66dcfd76a1db6b674aa3,2956,(2, 3, 4),9,0.00,9.00]
[8585][10.0,f2b0f5998d30848ef2bf2712a93c9fb9,5253,(0, 2, 4),10,0.00,10.00]
