[0][0.0,6ad92da183555e2aba48244421a4e8a8,None,None,0,8.00,0.00]
[3][1.0,f8213b5044df875c5d4ea8326e55097b,0,(1, 5, 1),1,7.00,1.00]
[25][2.0,71039c47ea91253a90a280b30eeaf3f8,3,(0, 1, 1),2,6.00,2.00]
[125][3.0,d50615910575576e65765c94f56cf3a5,25,(2, 5, 4),3,5.00,3.00]
[301][4.0,cee22317b46c6d9ef0abe03e5338449c,125,(3, 0, 1),4,4.00,4.00]
[678][5.0,8ed75e0403dcd09a10cf0bec811aee51,301,(3, 2, 4),5,3.00,5.00]
[1312][6.0,0f83c121bd29a07f8ae064bbfa393fa1,678,(0, 3, 3),6,2.00,6.00]
[2431][7.0,537ab790f46beee13da6228dbe14d7b5,1312,(4, 3, 2),7,1.00,7.00]
[4505][8.0,98cdb6641707d91864c6948030657c3d,2431,(0, 4, 2),8,0.00,8.00]
[8470][9.0,ba7c53995819de48f28d86421e9dfcff,4505,(0, 5, 1),9,0.00,9.00]
