[0][0.0,6ad92da183555e2aba48244421a4e8a8,None,None,0,8.00,1.00]
[1][1.0,150bb62576b6a73c5e4cb74556966e40,0,(0, 5, 1),1,7.00,0.50]
[11][2.0,4beba8cafa82dc7d094bab8f40eabacd,1,(0, 6, 2),2,6.00,0.33]
[18][3.0,005161444229f598008405b845636297,11,(3, 6, 1),3,5.00,0.25]
[20][4.0,8a61fb58c4a1453d2b343aabd9474054,18,(4, 6, 2),4,4.00,0.20]
[21][5.0,837ca063a60f07ab2b8c005288376e05,20,(0, 4, 2),5,3.00,0.17]
[22][6.0,c049853af2b77c031e9f24161e05a31b,21,(1, 0, 1),6,2.00,0.14]
[24][7.0,3126799c192b571944e14179b1b2217d,22,(1, 5, 5),7,2.00,0.12]
[27][8.0,e5977bf3487fb73947ee367d35ee6bde,24,(0, 1, 2),8,2.00,0.11]
[35][9.0,d574e6b81dec6616f5da8a3ea4af8a1d,27,(2, 0, 4),9,1.00,0.10]
[41][10.0,607388a53bc9668d503a49ec34fea420,35,(0, 1, 4),10,1.00,0.09]
[44][11.0,20a647b66aa8b61bfa2a4e7d5b1ec06b,41,(1, 0, 6),11,1.00,0.08]
[52][12.0,5913e3114bed3806e56539fec24a0fb4,44,(2, 1, 2),12,1.00,0.08]
[58][13.0,772410c6aac5dda780a11ca4851067dd,52,(0, 2, 6),13,1.00,0.07]
[65][14.0,8cbdd269ef61aab5c0f8a01d75acf0a6,58,(1, 0, 2),14,1.00,0.07]
[73][15.0,a4defa4b1808d36430dddb18359d0bb6,65,(2, 1, 6),15,1.00,0.06]
[81][16.0,9b1033f4f042ef98d799fde3145d2f94,73,(3, 0, 4),16,0.00,0.06]
[86][17.0,9412bd229acd3ad8329ab5d56bdd8f1a,81,(0, 2, 6),17,0.00,0.06]
[94][18.0,0adcad8f8b5570f26394df59f98840ec,86,(1, 0, 6),18,0.00,0.05]
[103][19.0,9bd89b9bbf45b9571c6b2afa96257ea7,94,(2, 1, 6),19,0.00,0.05]
[110][20.0,d034ccb8c7b3d98c50e70bf62f816378,103,(0, 2, 6),20,0.00,0.05]
[118][21.0,d14db9d925632a7e93e65cd9bca3c70f,110,(1, 0, 6),21,0.00,0.05]
[128][22.0,5e80bf2a1858b7e4a39ac2ccbad85e4d,118,(3, 1, 1),22,0.00,0.04]
[134][23.0,8bfff50a07b9852fb08fcea2b8d421ec,128,(0, 3, 6),23,0.00,0.04]
[142][24.0,92daad01ed2b320d827d66a2bb50213e,134,(1, 0, 1),24,0.00,0.04]
[151][25.0,768b874bcd11a2bac68dccecbccf28fd,142,(0, 6, 1),25,0.00,0.04]
