[0][0.0,308c313fc2e68a13bc175b919d80c7f4,None,None,0,4.00,1.00]
[1][1.0,d88bdf368af1985edff82346ddc2abc0,0,(0, 3, 4),1,3.00,0.50]
[7][2.0,17f5abdda08160ca215505551c292eab,1,(0, 4, 1),2,3.00,0.33]
[12][3.0,42b25dd8477834b9ec1ba00b67a1e65d,7,(1, 0, 4),3,2.00,0.25]
[17][4.0,165765a4f673ee7e54d8be23130663a7,12,(0, 4, 4),4,2.00,0.20]
[20][5.0,e31b23f751d93b6f01db6c58175afa7b,17,(1, 0, 1),5,2.00,0.17]
[26][6.0,32b2eb9a6f91b3803e5037bbe2a77d30,20,(2, 0, 2),6,1.00,0.14]
[30][7.0,1e285082122909b1fbd488f0f01063c0,26,(0, 1, 3),7,1.00,0.12]
[36][8.0,9070952a4fbc6f64926a187cf1b732de,30,(2, 0, 1),8,0.00,0.11]
[40][9.0,e2b9915ab4b03397ab7edc0aee8597f2,36,(0, 3, 1),9,0.00,0.10]
[44][10.0,7a65c66d5e4c69a31247718da5586036,40,(1, 0, 3),10,0.00,0.09]
[51][11.0,65dda737cc169ee2870be4a3658a1c8e,44,(0, 2, 3),11,0.00,0.08]
