[0][0.0,a3e0c5583271c92c4a7bb39782352f7d,None,None,0,12.00,0.00]
[3][1.0,3375a9769db732ae536c4b752d756523,0,(1, 6, 3),1,11.00,1.00]
[29][2.0,7eb6ecaceb07afaf507fea9132c05e59,3,(2, 1, 1),2,10.00,2.00]
[150][3.0,7077bfa8c54232882b639b193a0649d9,29,(2, 6, 1),3,9.00,3.00]
[431][4.0,23c9e1e87c1da761587e29f8e27989c9,150,(5, 1, 2),4,8.00,4.00]
[944][5.0,d4264482840360b2bb0fe1e6c674974d,431,(0, 5, 2),5,7.00,5.00]
[1747][6.0,dee53cedd8e3cca3596734fbb5623f61,944,(0, 6, 1),6,6.00,6.00]
[2969][7.0,ac4ccedc9e2dec4051115f3f29fb1473,1747,(3, 0, 2),7,5.00,7.00]
[4834][8.0,456b78f360c3bce29c37b15ba0691f36,2969,(4, 0, 1),8,4.00,8.00]
[7972][9.0,3541b364dfedb4f098177f8f273364ad,4834,(4, 3, 1),9,3.00,9.00]
[13339][10.0,2ebc363216da22ce006f640fa2a62189,7972,(4, 2, 1),10,2.00,10.00]
[22268][11.0,e6d876c4b9b56005bdd6035ee29f82af,13339,(5, 4, 3),11,1.00,11.00]
[37745][12.0,2611458d68970e0cbd43925c272c869e,22268,(2, 5, 3),12,0.00,12.00]
[68576][13.0,65f0ac2c3398fd3a1e56aef01a06f2ed,37745,(2, 3, 1),13,0.00,13.00]
