[0][0.0,a3e0c5583271c92c4a7bb39782352f7d,None,None,0,12.00,1.00]
[1][1.0,9a0eabef32b679ee458e7d8812f288e7,0,(0, 6, 2),1,11.00,0.50]
[13][2.0,5a4256717123670d11ee34c923a94867,1,(0, 7, 1),2,10.00,0.33]
[20][3.0,f0ad8ffa4a6615c30243d081a7c10f0d,13,(1, 7, 3),3,9.00,0.25]
[23][4.0,887d0c0207f6a29f05981655800d2766,20,(2, 1, 1),4,8.00,0.20]
[27][5.0,e8ed53799ed0ec852e7dfa5b5448d07c,23,(2, 7, 1),5,7.00,0.17]
[31][6.0,0e9fb32e9e8e4b4ff600aa4036fe9d5b,27,(3, 0, 2),6,6.00,0.14]
[34][7.0,cc09915ea1dae7504f3080a035f07de2,31,(4, 0, 1),7,5.00,0.12]
[36][8.0,8bdd2a3546b6f3df786243a8b26b0947,34,(4, 3, 1),8,4.00,0.11]
[38][9.0,d5bcb5cf4fff65ddd96f965ee5c4d0a8,36,(2, 4, 2),9,3.00,0.10]
[41][10.0,77fe31c86be999dd9cc79aa7251ea618,38,(2, 3, 1),10,3.00,0.09]
[44][11.0,38c45d144b8e8b31a162b5a20a1ad4e8,41,(0, 2, 5),11,3.00,0.08]
[52][12.0,f54c8054943054196108269445d989c7,44,(1, 0, 3),12,3.00,0.08]
[61][13.0,e5dc531df06ac268c385197d0c2a4f13,52,(2, 1, 5),13,3.00,0.07]
[68][14.0,2f0581229e619c877556f751b51af977,61,(0, 2, 3),14,3.00,0.07]
[76][15.0,4aec54f23bdf2ec86f3245a5c952ac44,68,(1, 0, 5),15,3.00,0.06]
[86][16.0,270b85c6f4035fa472d179cac308a423,76,(3, 1, 5),16,3.00,0.06]
[92][17.0,4670b4ddce74169d19154aed18f5f0de,86,(0, 3, 5),17,3.00,0.06]
[100][18.0,85fae6489879697e8a706c67896414e2,92,(1, 0, 5),18,3.00,0.05]
[109][19.0,aab3453c60fac5eaf69cc519082f0f6e,100,(2, 1, 3),19,3.00,0.05]
[116][20.0,4ab91e7229d9edafbecee2389b718f1f,109,(0, 2, 5),20,3.00,0.05]
[124][21.0,db7e74c8376a5b8821a382f82b006af3,116,(1, 0, 3),21,3.00,0.05]
[133][22.0,f1d8dec6bd317d4c593c49687142bf2e,124,(2, 1, 5),22,3.00,0.04]
[142][23.0,3c4818dfd37144d117e03c8785ec471b,133,(3, 2, 5),23,3.00,0.04]
[148][24.0,d66f7ca1a28abbb4365080f65f6c0fe2,142,(0, 3, 3),24,3.00,0.04]
[156][25.0,27930d1f46810d574176ff2a930c7781,148,(1, 0, 5),25,3.00,0.04]
[165][26.0,1439fc11db276625ecd1c466a0868fa4,156,(2, 1, 5),26,3.00,0.04]
[172][27.0,9ee782a8883c89f90047950d6f887e79,165,(0, 2, 5),27,3.00,0.04]
[180][28.0,de7733a9e6f5f254f8c84c084d9e0ed9,172,(1, 0, 5),28,3.00,0.03]
[189][29.0,e41daadf26b1515c96497050fdec2359,180,(2, 1, 5),29,3.00,0.03]
[199][30.0,b218d80994ba0e4a617b0ad508091426,189,(4, 2, 3),30,2.00,0.03]
[204][31.0,fd9c36f92fffa19939c259f8011d2397,199,(4, 6, 2),31,2.00,0.03]
[207][32.0,8c26724557874288610db2f2b6c271ae,204,(0, 4, 5),32,2.00,0.03]
[215][33.0,fa2be95b85f6001aac1a64a701785068,207,(1, 0, 5),33,2.00,0.03]
[224][34.0,67854a17c539031f6d6406a0933dddf8,215,(2, 1, 3),34,2.00,0.03]
[231][35.0,4776b633922c4967908564acb8c35fef,224,(0, 2, 5),35,2.00,0.03]
[239][36.0,f79b35577a0b084e299d2464ccf29801,231,(1, 0, 3),36,2.00,0.03]
[248][37.0,8ca4ac13aca2fcd2acc10f215c3a87ad,239,(2, 1, 5),37,2.00,0.03]
[257][38.0,2ab3ee76c13f38c2b737df795d8e4d91,248,(3, 2, 3),38,2.00,0.03]
[263][39.0,51fbef902f56f75cf4c7d372cc322173,257,(0, 3, 3),39,2.00,0.03]
[271][40.0,750e51c9b715aa0f549ebb6136f9cfe2,263,(1, 0, 5),40,2.00,0.02]
[280][41.0,b23b37628d5ba0a229a35f9541744a99,271,(2, 1, 3),41,2.00,0.02]
[287][42.0,040a5a462a2b65c3595bd06c5a7b844c,280,(0, 2, 5),42,2.00,0.02]
[295][43.0,78513e0f9f67cd2271e20b1eee9708a2,287,(1, 0, 3),43,2.00,0.02]
[304][44.0,b59245d1ef7b9257738a23b6f9589b10,295,(2, 1, 5),44,2.00,0.02]
[313][45.0,98b09aa996807812e5ce3e5207e9a900,304,(3, 2, 3),45,2.00,0.02]
[320][46.0,7faa0142713b6658aa284d6eac203218,313,(1, 3, 5),46,2.00,0.02]
[327][47.0,674a8d195634969095448ad42f6635ab,320,(0, 1, 3),47,2.00,0.02]
[336][48.0,0030d8dd1759175b8a82e5bd37b03de8,327,(2, 0, 3),48,2.00,0.02]
[344][49.0,9c73939275d58e8a5bf3790c5700c4c2,336,(1, 2, 3),49,2.00,0.02]
[351][50.0,4bd731d2462765a85142b273b309abc3,344,(0, 1, 3),50,2.00,0.02]
[360][51.0,06c793ee465d4479e945f5663ea6883b,351,(2, 0, 3),51,2.00,0.02]
[369][52.0,28123511ce623f58ffb784c3ff691803,360,(3, 2, 5),52,2.00,0.02]
[378][53.0,94ab980b4985ac6a155f7176a146d36f,369,(4, 3, 5),53,2.00,0.02]
[383][54.0,2a4777976421564e6c156aa5ad2c0f0f,378,(0, 4, 3),54,2.00,0.02]
[391][55.0,117547c1726c3cdd864b5ed76d335854,383,(1, 0, 3),55,2.00,0.02]
[400][56.0,0682fe54a37042693db9bc8090c77435,391,(2, 1, 5),56,2.00,0.02]
[407][57.0,e5e80d0cada2b60ceb557ed523b6ff92,400,(0, 2, 3),57,2.00,0.02]
[415][58.0,660b2441e93719a225a455c2dc30dce6,407,(1, 0, 5),58,2.00,0.02]
[424][59.0,e140eb3c6b931c22f0e19f6311c99105,415,(2, 1, 3),59,2.00,0.02]
[433][60.0,3d1b57beb7dfc88323b3783994b4e37c,424,(3, 2, 5),60,2.00,0.02]
[439][61.0,ccf3a97e46a967eb4c1fb20a4f0eb3cc,433,(0, 3, 5),61,2.00,0.02]
[447][62.0,d83dfb3561482afdb6d75298f6f02c8f,439,(1, 0, 3),62,2.00,0.02]
[456][63.0,f9fa1af74f5629cd277be891fe2f2ec2,447,(2, 1, 5),63,2.00,0.02]
[463][64.0,d7364e578eda879ac0efde810ed6e786,456,(0, 2, 3),64,2.00,0.02]
[471][65.0,b6bf85bd96696bb63b91a0e5e74ca5d8,463,(1, 0, 5),65,2.00,0.02]
[480][66.0,edb531e31712fd17f6e64efc56d8c1e4,471,(2, 1, 3),66,2.00,0.01]
[489][67.0,5a2d0e7a731dd9c763537f2524f75327,480,(3, 2, 5),67,2.00,0.01]
[496][68.0,c925051618ae700ff11d4ba3386fe16a,489,(1, 3, 3),68,2.00,0.01]
[503][69.0,18db0842a81874eae423aa7fb46cf914,496,(0, 1, 5),69,2.00,0.01]
[512][70.0,19309eae2388aaeabb6de5a943ed5b83,503,(2, 0, 5),70,2.00,0.01]
[520][71.0,bccd5aad42d03dd29eeb993f258dbce4,512,(1, 2, 5),71,2.00,0.01]
[527][72.0,9cbf7c684fc8a72e06dd4c732248ebb2,520,(0, 1, 5),72,2.00,0.01]
[536][73.0,5fc98469d410065dba5c8b76c00f3841,527,(2, 0, 5),73,2.00,0.01]
[545][74.0,170b0b5ac621121d485c4a7d04ae7662,536,(3, 2, 3),74,2.00,0.01]
[555][75.0,b0fe74d770ede49f66851937845f8153,545,(5, 3, 2),75,1.00,0.01]
[559][76.0,9ff6a15d0f67cd78deb642174d66c3da,555,(3, 4, 2),76,1.00,0.01]
[562][77.0,298ddf84a34e8ea842576500736e67b0,559,(0, 3, 5),77,1.00,0.01]
[570][78.0,00d12035a29734bac7f85cf93e5f1d14,562,(1, 0, 5),78,1.00,0.01]
[579][79.0,75732c87b38b746266f5df4ae35b4183,570,(2, 1, 3),79,1.00,0.01]
[586][80.0,9ac2d87b03be5a467024cf80f71a46b4,579,(0, 2, 5),80,1.00,0.01]
[594][81.0,bce43efbaaf2a50aa09d90738152220e,586,(1, 0, 3),81,1.00,0.01]
[603][82.0,8361d1b03b2ccdf0b4a94738fa34fa8c,594,(2, 1, 5),82,1.00,0.01]
[612][83.0,ffdbc9d60a782cf86c8161a9bd69b7a8,603,(3, 2, 5),83,1.00,0.01]
[618][84.0,322a3e9191f6be6d7355d6bb5b9701b9,612,(0, 3, 3),84,1.00,0.01]
[626][85.0,b04bdac665346778f1f827f739d17864,618,(1, 0, 5),85,1.00,0.01]
[635][86.0,fee40116de27d5c1b1748e07fc7e3d9a,626,(2, 1, 5),86,1.00,0.01]
[642][87.0,383dc7e833101f29655376a6da7ed54d,635,(0, 2, 5),87,1.00,0.01]
[650][88.0,725483b018cffeeaec86e84815cbe319,642,(1, 0, 5),88,1.00,0.01]
[659][89.0,77558b52f144e86662dc75d084e956f5,650,(2, 1, 5),89,1.00,0.01]
[669][90.0,d8bbcca70c6082727c6d1f961e475e4c,659,(4, 2, 5),90,1.00,0.01]
[674][91.0,110f8cddcae8f982afb1b66ef8bb651e,669,(0, 4, 5),91,1.00,0.01]
[682][92.0,2fa5d5eb5d48747561c51c1bc47ad413,674,(1, 0, 5),92,1.00,0.01]
[691][93.0,72a2f26392bc8c3e2b24288de42f5b2c,682,(2, 1, 5),93,1.00,0.01]
[698][94.0,47aba3d9c571f0f8ae0ee81c720e6e4f,691,(0, 2, 5),94,1.00,0.01]
[706][95.0,1d0a3f39c6fafc999cd500dd28ca36f4,698,(1, 0, 5),95,1.00,0.01]
[715][96.0,2362c6a4064cc047cbaf3598c136aeb3,706,(2, 1, 5),96,1.00,0.01]
[724][97.0,9496143d45094ad3b98f34671b5b5686,715,(3, 2, 3),97,1.00,0.01]
[730][98.0,dced6136e30fe63bd68a2eac6a49d142,724,(0, 3, 5),98,1.00,0.01]
[738][99.0,9631901346b3f17a061ebf9ca96b912b,730,(1, 0, 5),99,1.00,0.01]
[747][100.0,c19ba5787f8e1acb36c490aa3f80757c,738,(2, 1, 3),100,1.00,0.01]
[754][101.0,d09f28f821be58402ff0c0ba95caa094,747,(0, 2, 5),101,1.00,0.01]
[762][102.0,540d00801ae3b92200ee331bcc467e5d,754,(1, 0, 3),102,1.00,0.01]
[771][103.0,a67c63de9e872fe8be783a7e83280efa,762,(2, 1, 5),103,1.00,0.01]
[780][104.0,302fafb8b98da22af1eb7ab5ba0d8e75,771,(3, 2, 5),104,1.00,0.01]
[787][105.0,9cc2f3c68b0f90b3927fa51e70e0401e,780,(1, 3, 5),105,1.00,0.01]
[794][106.0,e7834810bfc31168dad05c0351daa5fd,787,(0, 1, 3),106,1.00,0.01]
[803][107.0,5f3bb2d3c5c8e53556d25419f139c242,794,(2, 0, 5),107,1.00,0.01]
[811][108.0,52fb6f2312350e6d84e423c81e0a364b,803,(1, 2, 3),108,1.00,0.01]
[818][109.0,9621d09edf1a3af17b1aecb630c9acd5,811,(0, 1, 5),109,1.00,0.01]
[827][110.0,f4422ef7a2509e3c57be40d4d2d5aa13,818,(2, 0, 3),110,1.00,0.01]
[836][111.0,b70bfa9240734b33bf153c288b3785fc,827,(3, 2, 5),111,1.00,0.01]
[845][112.0,97e2f8424b39c02cbfcd91c7d3df2e65,836,(4, 3, 5),112,1.00,0.01]
[850][113.0,81281275dc036eaecf46f6cac430de6f,845,(0, 4, 3),113,1.00,0.01]
[858][114.0,363b2e1700a96c83a9b22193ab9e9687,850,(1, 0, 5),114,1.00,0.01]
[867][115.0,51bfda54c0eb5cf9069809416682cdd7,858,(2, 1, 5),115,1.00,0.01]
[874][116.0,c7fe6a0fa3efe7bf0f72c29b925186d8,867,(0, 2, 5),116,1.00,0.01]
[882][117.0,8a817bfc6c9df61866a69c4d66e1d6c2,874,(1, 0, 5),117,1.00,0.01]
[891][118.0,5f4a0d758e7c422858a37c1018040b18,882,(2, 1, 5),118,1.00,0.01]
[900][119.0,0886617fa4b5566cac2aa2b051a4bea6,891,(3, 2, 5),119,1.00,0.01]
[906][120.0,de02095e0c4f7a7b8ce965beb8eaeb6d,900,(0, 3, 5),120,1.00,0.01]
[914][121.0,ef46a30b2220450bdc8f6d911c63dbcf,906,(1, 0, 5),121,1.00,0.01]
[923][122.0,1e15b5532afe6240583ce16fb77d0099,914,(2, 1, 5),122,1.00,0.01]
[930][123.0,b8a9ed72b517d13986e8a9a219ca026d,923,(0, 2, 5),123,1.00,0.01]
[938][124.0,ab6b3e9149b3f1aff58c63fbf49fd294,930,(1, 0, 5),124,1.00,0.01]
[947][125.0,83a355bd248fb75cfdd33c80f1b5b01b,938,(2, 1, 5),125,1.00,0.01]
[956][126.0,a70c81ab992e69b97b87f37772b4f8ee,947,(3, 2, 5),126,1.00,0.01]
[963][127.0,21e04fbaaad5f2a9d6fb42fd0a878072,956,(1, 3, 5),127,1.00,0.01]
[970][128.0,089c690f48f18b2a413a9af7736027f5,963,(0, 1, 5),128,1.00,0.01]
[979][129.0,5c0645edcc8632c75fe49559f76400fc,970,(2, 0, 5),129,1.00,0.01]
[987][130.0,8b7b33de5964a620119c179ccd19d422,979,(1, 2, 5),130,1.00,0.01]
[994][131.0,68647985f087531b7cfaf7999191c168,987,(0, 1, 5),131,1.00,0.01]
[1003][132.0,0af926ce83612440c72a1fa34bbb11c7,994,(2, 0, 5),132,1.00,0.01]
[1012][133.0,9ec315a43e9b48526d29d90d8ca99997,1003,(3, 2, 5),133,1.00,0.01]
[1022][134.0,5dbc900ecd905d3ce4721554b2a3e161,1012,(5, 3, 1),134,0.00,0.01]
[1026][135.0,877e2765d44a547d0ff40830a180edee,1022,(3, 6, 1),135,0.00,0.01]
[1030][136.0,c6ce256f3feae76f1753e6f6f2566a64,1026,(0, 3, 5),136,0.00,0.01]
[1039][137.0,775146111e2e93157dc2fa211a0005b2,1030,(1, 0, 5),137,0.00,0.01]
[1049][138.0,44bbf63784f86d388dd94911f56a0f1e,1039,(2, 1, 5),138,0.00,0.01]
[1057][139.0,4e79a162802a18293f8bc2cae5631caf,1049,(0, 2, 5),139,0.00,0.01]
[1066][140.0,89393ebcfa47716d0956896353344471,1057,(1, 0, 5),140,0.00,0.01]
[1076][141.0,876e3e4dd0560238feacae33d3028c75,1066,(2, 1, 5),141,0.00,0.01]
[1086][142.0,80d699289edb9bee5a9fa817ba173159,1076,(3, 2, 5),142,0.00,0.01]
[1093][143.0,15bed1702b0c3155f5b25e5956170d5b,1086,(0, 3, 5),143,0.00,0.01]
[1102][144.0,76dc2b38849f1f2cf2bd369b223f35b8,1093,(1, 0, 5),144,0.00,0.01]
[1112][145.0,4cd96749f8d3c4b7b98bd00cfd1418b0,1102,(2, 1, 5),145,0.00,0.01]
[1120][146.0,54ac24fd63ccae4955624b3f47da031e,1112,(0, 2, 5),146,0.00,0.01]
[1129][147.0,c5067a60d33d3fd1528fb10a86f644c1,1120,(1, 0, 5),147,0.00,0.01]
[1139][148.0,c860ec960d4631c9da447e13f1eb56c6,1129,(2, 1, 5),148,0.00,0.01]
[1150][149.0,fd473822bf6cdd7a7c887c755ccf0636,1139,(4, 2, 3),149,0.00,0.01]
[1156][150.0,20ae89989e02a15bbbdb62b853c1a834,1150,(0, 4, 5),150,0.00,0.01]
[1165][151.0,02252d3ffb9938e9ee4537007ecdb49d,1156,(1, 0, 5),151,0.00,0.01]
[1175][152.0,a73fb3b9cf2b499d33672a2c3e06023c,1165,(2, 1, 3),152,0.00,0.01]
[1183][153.0,3d2b570651c44691ba48765413e337e2,1175,(0, 2, 5),153,0.00,0.01]
[1192][154.0,94551fa9f34eae17fb4a714b94f032f6,1183,(1, 0, 3),154,0.00,0.01]
[1202][155.0,7e67997eab4a57b9e631fe86ce81f2a1,1192,(0, 5, 3),155,0.00,0.01]
