[0][0.0,c878aeb6595ca4890057cadd81e70926,None,None,0,7.00,0.00]
[1][1.0,b774493fa11b60c5e5dc55cec800c175,0,(0, 3, 2),1,6.00,1.00]
[7][2.0,8691be0bab175a89c3730d3e4eb5cc2e,1,(0, 4, 2),2,5.00,2.00]
[39][3.0,97b7d923abac47dd48000fd420658611,7,(1, 4, 3),3,4.00,3.00]
[107][4.0,b91a4fee76b1d6e355552f450ef842df,39,(1, 3, 2),4,3.00,4.00]
[203][5.0,573888564b0c452dd4b3ec5035b955f7,107,(0, 1, 2),5,3.00,5.00]
[331][6.0,6365793a080419494d384bcdab152a20,203,(2, 3, 1),6,2.00,6.00]
[590][7.0,258626d64c704c856f09692bbf60d9f9,331,(2, 1, 3),7,1.00,7.00]
[1077][8.0,ec52e24261dd8e37d00547e27bbd64c4,590,(2, 3, 1),8,0.00,8.00]
[1943][9.0,2a6b6e8a2a06443a3373d9dece8dd3ec,1077,(2, 4, 1),9,0.00,9.00]
