[0][0.0,c878aeb6595ca4890057cadd81e70926,None,None,0,7.00,1.00]
[1][1.0,b774493fa11b60c5e5dc55cec800c175,0,(0, 3, 2),1,6.00,0.50]
[7][2.0,8691be0bab175a89c3730d3e4eb5cc2e,1,(0, 4, 2),2,5.00,0.33]
[12][3.0,97b7d923abac47dd48000fd420658611,7,(1, 4, 3),3,4.00,0.25]
[14][4.0,b91a4fee76b1d6e355552f450ef842df,12,(1, 3, 2),4,3.00,0.20]
[18][5.0,573888564b0c452dd4b3ec5035b955f7,14,(0, 1, 2),5,3.00,0.17]
[21][6.0,9d1d59dc51341f60c0eab15004a02383,18,(1, 0, 3),6,3.00,0.14]
[27][7.0,8204c367ee541a16c41ac826b0d2e0a9,21,(2, 1, 1),7,2.00,0.12]
[31][8.0,2cca90e4a8a216c97a68a28867daa876,27,(1, 3, 1),8,2.00,0.11]
[34][9.0,6365793a080419494d384bcdab152a20,31,(0, 1, 3),9,2.00,0.10]
[40][10.0,c9750ce9654a75a0f1e80c6b128ffb37,34,(2, 0, 3),10,1.00,0.09]
[44][11.0,258626d64c704c856f09692bbf60d9f9,40,(0, 1, 3),11,1.00,0.08]
[47][12.0,905d103738a7a6150225296bb70980f3,44,(1, 0, 6),12,1.00,0.08]
[53][13.0,811be9391fe54d2064adc124ac782ca8,47,(2, 1, 1),13,0.00,0.07]
[57][14.0,b44affc2d805335c44d69f460b879fd9,53,(1, 3, 1),14,0.00,0.07]
[61][15.0,ec52e24261dd8e37d00547e27bbd64c4,57,(0, 1, 6),15,0.00,0.06]
[68][16.0,11a35154674769ec5788ff85d5abbbca,61,(2, 0, 1),16,0.00,0.06]
[74][17.0,2a6b6e8a2a06443a3373d9dece8dd3ec,68,(0, 4, 1),17,0.00,0.06]
